0--Parade/0_Parade_marchingband_1_849.jpg
1
449 330 122 149 0 0 0 0 0 0 
0--Parade/0_Parade_Parade_0_904.jpg
1
361 98 263 339 0 0 0 0 0 0 
0--Parade/0_Parade_marchingband_1_799.jpg
21
78 221 7 8 2 0 0 0 0 0 
78 238 14 17 2 0 0 0 0 0 
113 212 11 15 2 0 0 0 0 0 
134 260 15 15 2 0 0 0 0 0 
163 250 14 17 2 0 0 0 0 0 
201 218 10 12 2 0 0 0 0 0 
182 266 15 17 2 0 0 0 0 0 
245 279 18 15 2 0 0 0 0 0 
304 265 16 17 2 0 0 0 2 1 
328 295 16 20 2 0 0 0 0 0 
389 281 17 19 2 0 0 0 2 0 
406 293 21 21 2 0 1 0 0 0 
436 290 22 17 2 0 0 0 0 0 
522 328 21 18 2 0 1 0 0 0 
643 320 23 22 2 0 0 0 0 0 
653 224 17 25 2 0 0 0 0 0 
793 337 23 30 2 0 0 0 0 0 
535 311 16 17 2 0 0 0 1 0 
29 220 11 15 2 0 0 0 0 0 
3 232 11 15 2 0 0 0 2 0 
20 215 12 16 2 0 0 0 2 0 
0--Parade/0_Parade_marchingband_1_117.jpg
9
69 359 50 36 1 0 0 0 0 1 
227 382 56 43 1 0 1 0 0 1 
296 305 44 26 1 0 0 0 0 1 
353 280 40 36 2 0 0 0 2 1 
885 377 63 41 1 0 0 0 0 1 
819 391 34 43 2 0 0 0 1 0 
727 342 37 31 2 0 0 0 0 1 
598 246 33 29 2 0 0 0 0 1 
740 308 45 33 1 0 0 0 2 1 
0--Parade/0_Parade_marchingband_1_778.jpg
35
27 226 33 36 1 0 0 0 2 0 
63 95 16 19 2 0 0 0 0 0 
64 63 17 18 2 0 0 0 0 0 
88 13 16 15 2 0 0 0 1 0 
231 1 13 13 2 0 0 0 1 0 
263 122 14 20 2 0 0 0 0 0 
367 68 15 23 2 0 0 0 0 0 
198 98 15 18 2 0 0 0 0 0 
293 161 52 59 1 0 0 0 1 0 
412 36 14 20 2 0 0 0 1 0 
441 23 17 13 2 0 0 0 0 0 
475 40 14 21 2 0 0 0 0 0 
510 23 14 17 2 0 0 0 1 0 
576 30 16 15 2 0 0 0 0 0 
577 71 16 21 2 0 0 0 0 0 
595 94 16 20 2 0 0 0 0 0 
570 126 13 16 2 0 0 0 0 0 
645 171 52 58 1 0 1 0 2 0 
719 98 11 15 2 0 0 0 0 0 
791 154 54 49 1 0 0 0 2 0 
884 97 16 21 2 0 0 0 0 0 
898 48 15 21 2 0 0 0 0 0 
945 89 15 20 2 0 0 0 0 0 
922 38 15 16 2 0 0 0 1 0 
743 71 11 18 2 0 0 0 0 0 
841 18 16 16 2 0 0 0 2 0 
980 56 13 20 2 0 0 0 0 0 
1001 107 14 13 2 0 0 0 0 0 
488 2 12 18 2 0 0 0 0 0 
586 1 15 17 2 0 0 0 0 0 
669 1 12 15 2 0 0 0 0 0 
744 2 18 15 2 0 0 0 0 0 
803 3 18 17 2 0 0 0 0 0 
294 2 11 10 0 0 0 0 0 0 
203 0 13 14 2 0 0 0 1 0 
0--Parade/0_Parade_Parade_0_343.jpg
18
134 580 12 14 2 0 0 0 1 0 
55 581 5 10 2 0 1 0 2 0 
108 551 14 25 2 0 0 0 1 0 
135 540 5 7 0 0 0 1 0 0 
1005 554 15 22 2 0 0 0 0 0 
989 592 16 21 2 0 0 0 0 0 
961 555 13 19 2 0 0 0 2 0 
946 568 15 21 2 0 0 0 1 0 
922 555 15 19 2 0 0 0 0 0 
900 583 12 17 2 0 0 0 2 0 
897 569 12 13 2 0 0 0 0 0 
829 581 15 21 2 0 0 0 2 0 
812 575 12 19 2 0 0 0 2 0 
824 564 9 13 2 0 0 0 0 0 
855 578 10 13 2 0 1 0 2 0 
985 663 15 21 2 0 0 0 2 0 
587 574 7 12 2 0 0 0 1 0 
333 386 11 16 2 0 0 0 2 0 
0--Parade/0_Parade_marchingband_1_205.jpg
65
60 56 19 19 2 0 1 0 1 0 
39 2 17 21 2 0 1 0 0 0 
90 19 16 22 2 0 0 0 0 0 
144 16 17 21 2 0 1 0 0 0 
118 30 15 17 0 0 0 0 0 0 
202 16 19 20 2 0 1 0 0 0 
163 53 14 19 2 0 0 0 0 0 
98 53 15 26 2 0 0 0 1 0 
9 85 13 21 2 0 0 0 0 0 
59 116 17 23 2 0 1 0 0 0 
45 161 14 21 2 0 1 0 0 0 
18 248 30 31 1 0 1 0 0 0 
115 237 24 28 1 0 1 0 1 0 
211 239 21 27 2 0 0 0 2 0 
308 259 25 26 1 0 1 0 1 0 
403 206 30 36 1 0 1 0 0 0 
261 142 19 23 2 0 1 0 0 0 
283 152 18 19 2 0 0 0 0 0 
353 160 17 24 2 0 1 0 0 0 
238 37 12 19 2 0 1 0 0 0 
251 28 20 19 2 0 0 0 1 1 
266 57 14 19 2 0 1 0 0 0 
357 80 14 21 2 0 1 0 1 0 
489 113 20 23 2 0 1 0 0 0 
545 122 17 26 2 0 0 0 0 0 
512 74 18 21 2 0 0 0 0 0 
544 75 17 25 2 0 0 0 2 0 
545 49 17 18 2 0 0 0 0 0 
562 67 21 29 2 0 0 0 2 0 
465 69 18 26 2 0 1 0 0 0 
503 37 18 20 2 0 1 0 0 0 
596 53 17 18 2 0 1 0 0 0 
574 138 15 22 2 0 0 0 0 1 
555 165 13 21 2 0 0 0 0 0 
497 256 29 28 1 0 1 0 1 0 
581 239 27 28 1 0 1 0 1 0 
707 167 40 43 1 0 1 0 1 0 
654 140 18 24 2 0 0 0 0 0 
533 3 16 17 2 0 0 0 0 0 
596 21 17 19 2 0 0 0 0 0 
684 47 15 20 2 0 0 0 2 0 
665 41 14 18 2 0 0 0 0 0 
660 6 14 21 2 0 1 0 0 0 
747 10 18 23 2 0 1 0 0 0 
795 18 15 20 2 0 0 0 1 0 
814 16 17 25 2 0 0 0 0 0 
850 40 20 23 2 0 1 0 0 0 
807 59 17 25 0 0 0 0 0 0 
739 54 18 24 2 0 0 0 2 0 
832 118 21 23 2 0 1 0 0 0 
867 108 16 24 2 0 0 0 0 0 
798 222 33 38 1 0 1 0 0 0 
870 236 29 31 0 0 1 0 0 0 
911 224 16 22 2 0 0 0 1 0 
991 143 20 22 2 0 1 0 1 0 
941 89 17 21 2 0 1 0 1 0 
917 25 22 28 2 0 1 0 0 0 
1000 25 17 20 2 0 0 0 1 0 
932 59 17 24 2 0 1 0 0 0 
759 35 15 23 2 0 0 0 1 0 
759 128 17 25 2 0 0 0 2 0 
347 22 17 19 2 0 0 0 2 0 
26 42 15 22 0 0 0 0 0 0 
47 24 16 22 2 0 0 0 1 0 
328 220 22 24 2 0 0 0 2 0 
0--Parade/0_Parade_Parade_0_106.jpg
40
9 260 18 23 1 0 0 0 0 0 
61 248 24 29 0 0 0 0 0 0 
56 315 26 32 0 0 1 0 0 0 
91 318 22 29 0 0 0 0 0 0 
120 283 27 34 0 1 0 0 0 0 
139 314 29 30 0 1 0 0 0 0 
192 290 25 34 0 0 0 0 0 0 
231 303 29 38 0 0 0 0 0 0 
90 258 12 18 1 0 0 0 0 0 
100 269 17 22 1 0 0 0 0 0 
126 259 20 23 0 0 0 0 0 0 
160 236 22 29 0 0 0 0 0 0 
194 230 23 32 0 0 0 0 0 0 
231 234 21 29 0 0 0 0 0 0 
1 359 12 29 1 0 0 0 1 0 
306 236 28 30 1 0 0 0 1 0 
303 247 17 22 1 0 0 0 2 0 
341 285 30 39 0 0 0 0 0 0 
377 330 20 30 0 0 0 0 0 1 
415 210 30 41 0 0 0 0 0 0 
471 202 28 36 0 0 0 0 2 0 
498 231 26 37 0 0 0 0 0 0 
509 271 28 37 0 0 0 0 0 0 
521 230 23 25 1 0 0 0 0 0 
679 260 37 47 0 0 0 0 0 0 
728 215 38 42 0 0 0 0 0 0 
717 361 36 42 0 0 0 0 0 0 
764 229 22 31 1 0 0 0 2 0 
783 202 28 35 0 0 0 0 0 0 
823 250 25 28 1 0 0 0 0 0 
537 268 26 43 0 0 0 0 0 1 
844 200 33 51 0 0 0 0 0 0 
911 155 41 53 0 0 0 0 0 0 
820 376 35 44 0 0 0 0 0 0 
905 342 32 44 0 0 0 0 0 0 
959 363 33 49 0 0 0 0 0 0 
999 197 25 51 0 0 0 0 2 0 
548 228 15 22 1 0 0 0 2 0 
179 239 17 25 1 0 0 0 2 0 
659 307 14 18 1 0 0 0 2 0 
0--Parade/0_Parade_Parade_0_476.jpg
35
566 158 22 17 2 0 0 0 2 0 
663 118 24 28 2 0 0 0 2 0 
743 124 24 27 2 0 0 0 2 0 
831 154 23 20 2 0 0 0 2 0 
573 352 24 19 2 0 0 0 2 0 
875 371 24 16 2 0 0 0 0 0 
901 395 26 19 2 0 0 0 2 1 
78 524 13 15 2 0 0 0 0 0 
122 512 13 17 2 0 0 0 0 0 
128 536 13 28 2 0 0 0 1 0 
223 576 16 29 1 0 0 0 1 0 
294 616 29 35 1 0 0 0 1 0 
370 620 20 39 2 0 0 0 1 0 
385 665 23 48 2 0 0 0 0 0 
168 632 31 35 1 0 1 0 0 0 
81 623 22 26 2 0 1 0 2 0 
21 623 23 28 2 0 0 0 2 0 
352 763 37 54 1 0 0 0 2 0 
291 712 36 50 2 0 0 0 2 0 
499 605 28 47 2 0 0 0 2 0 
426 578 22 24 1 0 1 0 0 1 
459 557 14 21 2 0 0 0 2 0 
472 548 17 21 2 0 0 0 2 0 
573 616 18 26 2 0 0 0 0 0 
541 599 29 48 2 0 0 0 2 0 
275 597 16 38 2 0 0 0 0 1 
293 494 7 11 2 0 0 0 2 0 
193 522 14 22 2 0 0 0 2 0 
194 540 10 19 2 0 0 0 2 0 
622 763 27 42 2 0 1 0 2 0 
896 502 36 39 1 0 0 0 0 0 
951 491 25 32 1 0 0 0 0 0 
703 493 33 34 1 0 0 0 0 0 
628 488 29 31 1 0 0 0 0 0 
698 724 27 44 2 0 0 0 1 0 
0--Parade/0_Parade_marchingband_1_12.jpg
18
575 158 48 57 1 0 0 0 0 0 
355 154 48 61 1 0 0 0 0 0 
108 167 45 57 2 0 0 0 0 0 
494 192 29 35 2 0 0 0 0 0 
873 138 52 54 1 0 0 0 0 0 
687 183 33 37 2 0 0 0 0 0 
308 185 30 34 2 0 0 0 0 0 
268 168 19 29 2 0 0 0 2 0 
18 170 18 23 2 0 0 0 1 0 
171 181 13 21 2 0 0 0 2 0 
191 186 13 20 2 0 0 0 2 0 
644 183 17 20 2 0 0 0 2 0 
985 172 19 22 2 0 0 0 2 0 
829 161 16 21 2 0 0 0 2 0 
62 198 11 15 2 0 0 0 0 0 
462 179 13 15 2 0 0 0 1 0 
528 182 22 21 2 0 0 0 2 0 
718 177 16 15 2 0 0 0 2 0 
0--Parade/0_Parade_marchingband_1_273.jpg
6
178 238 55 73 2 0 0 0 1 0 
248 235 59 73 2 0 0 0 2 0 
363 157 59 73 2 0 0 0 1 0 
468 153 53 72 2 0 0 0 2 0 
629 110 56 81 2 0 0 0 1 0 
745 138 55 77 2 0 0 0 2 0 
0--Parade/0_Parade_marchingband_1_928.jpg
12
27 437 17 20 2 0 0 0 2 0 
93 437 25 27 1 0 0 0 0 0 
150 430 18 18 2 0 0 0 0 0 
253 395 23 33 1 0 0 0 0 0 
300 385 19 28 2 0 0 0 0 0 
335 263 53 77 1 1 0 0 0 0 
447 289 42 71 1 1 0 0 0 0 
513 227 67 89 1 0 0 0 0 0 
742 307 33 59 1 1 0 0 0 0 
822 364 17 23 1 0 0 0 1 0 
892 328 25 34 1 0 0 0 1 0 
953 352 21 27 1 0 0 0 0 0 
0--Parade/0_Parade_Parade_0_337.jpg
25
430 175 23 30 1 0 1 0 0 0 
492 162 19 27 1 0 1 0 0 0 
517 178 27 35 1 0 1 0 0 0 
557 171 23 33 1 0 1 0 0 0 
572 147 23 29 1 0 0 0 1 0 
596 211 27 35 1 0 0 0 0 0 
649 183 26 30 1 0 0 0 0 0 
673 186 28 30 1 0 0 0 0 1 
766 121 32 39 1 0 0 0 0 0 
819 249 36 43 1 0 0 0 1 0 
503 402 34 38 1 0 0 0 0 0 
427 381 37 36 1 0 0 0 0 0 
358 366 32 38 1 0 0 0 0 0 
318 354 24 34 1 0 1 0 0 0 
265 354 28 35 1 0 0 0 0 0 
226 357 25 28 1 0 1 0 0 0 
199 348 24 23 2 0 1 0 1 0 
146 350 24 29 1 0 0 0 0 0 
465 398 20 24 2 0 1 0 2 0 
117 313 5 9 2 0 1 0 1 0 
98 317 5 7 2 0 0 0 2 0 
109 314 4 5 2 0 0 1 2 0 
6 289 6 8 2 0 1 0 2 0 
65 312 5 7 2 0 1 0 2 0 
153 317 4 4 2 0 0 0 2 0 
0--Parade/0_Parade_marchingband_1_579.jpg
121
167 301 10 9 2 0 0 0 0 0 
207 291 10 13 2 0 0 0 0 0 
256 293 10 12 2 0 0 0 0 0 
134 301 9 12 2 0 0 0 0 0 
125 332 10 12 2 0 0 0 0 0 
148 330 9 13 2 0 0 0 0 0 
173 347 8 13 2 0 0 0 0 0 
196 340 10 12 2 0 0 0 0 0 
216 341 9 12 2 0 0 0 0 0 
239 336 8 11 2 0 0 0 0 0 
261 337 9 10 2 0 0 0 0 0 
135 381 9 12 2 0 0 0 0 0 
158 383 9 12 2 0 0 0 0 0 
187 379 10 13 2 0 0 0 0 0 
208 379 10 13 2 0 0 0 0 0 
235 381 8 13 2 0 0 0 0 0 
86 360 8 14 2 0 0 0 0 0 
60 389 9 11 2 0 0 0 0 0 
87 383 10 14 2 0 0 0 0 0 
111 382 9 12 2 0 0 0 0 0 
80 406 10 13 2 0 0 0 0 0 
117 408 9 14 2 0 0 0 0 0 
165 413 11 13 2 0 1 0 0 0 
332 260 9 11 2 0 0 0 0 0 
371 269 8 11 2 0 1 0 0 0 
284 291 10 13 2 0 0 0 0 0 
754 289 8 11 2 0 0 0 0 0 
720 401 12 15 2 0 0 0 0 0 
754 401 9 14 2 0 0 0 0 0 
783 406 9 12 2 0 0 0 0 0 
858 297 10 12 2 0 0 0 0 0 
869 320 10 12 2 0 0 0 0 0 
846 338 8 11 2 0 0 0 0 0 
900 332 10 14 2 0 0 0 0 0 
844 378 9 12 2 0 0 0 0 0 
867 380 9 13 2 0 0 0 0 0 
896 377 9 12 2 0 0 0 0 0 
922 385 10 14 2 0 0 0 0 0 
947 384 11 13 2 0 0 0 0 0 
855 402 11 13 2 0 0 0 0 0 
823 420 9 11 2 0 0 0 0 0 
884 406 10 16 2 0 0 0 0 0 
915 409 9 13 2 0 0 0 0 0 
948 407 9 15 2 0 0 0 0 0 
507 125 12 19 2 0 0 0 0 0 
343 288 10 12 2 0 0 0 0 0 
374 287 8 11 2 0 0 0 0 0 
409 286 9 12 2 0 0 0 0 0 
297 335 8 12 2 0 1 0 0 0 
336 333 8 11 2 0 0 0 0 0 
362 336 9 12 2 0 0 0 0 0 
392 335 9 12 2 0 0 0 0 0 
418 331 8 11 2 0 0 0 0 0 
298 380 9 12 2 0 0 0 0 0 
328 377 7 11 2 0 0 0 0 0 
352 376 9 11 2 0 0 0 0 0 
381 378 9 13 2 0 0 0 0 0 
410 377 10 12 2 0 0 0 0 0 
269 379 9 11 2 0 0 0 0 0 
239 402 10 14 2 0 0 0 0 0 
201 415 9 12 2 0 0 0 0 0 
279 411 10 13 2 0 0 0 0 0 
306 413 8 11 2 0 0 0 0 0 
337 400 10 15 2 0 0 0 0 0 
431 255 9 13 2 0 0 0 0 0 
506 262 10 12 2 0 0 0 0 0 
447 287 9 11 2 0 0 0 0 0 
489 281 10 13 2 0 0 0 0 0 
524 284 9 11 2 0 0 0 0 0 
561 284 11 14 2 0 0 0 0 0 
443 334 10 12 2 0 0 0 0 0 
473 328 8 14 2 0 0 0 0 0 
506 329 8 12 2 0 0 0 0 0 
541 329 9 13 2 0 0 0 0 0 
565 332 9 13 2 0 0 0 0 0 
793 291 9 12 2 0 0 0 0 0 
829 293 10 12 2 0 0 0 0 0 
727 334 10 12 2 0 0 0 0 0 
751 334 10 12 2 0 0 0 0 0 
771 336 9 13 2 0 0 0 0 0 
795 338 8 12 2 0 0 0 0 0 
823 337 9 13 2 0 0 0 0 0 
700 377 9 12 2 0 0 0 0 0 
724 378 9 11 2 0 0 0 0 0 
751 378 12 14 2 0 0 0 0 0 
780 379 9 11 2 0 0 0 0 0 
803 379 9 12 2 0 0 0 0 0 
824 380 7 12 2 0 1 0 0 0 
647 401 10 14 2 0 0 0 0 0 
685 402 10 13 2 0 0 0 0 0 
314 289 10 13 2 0 0 0 0 0 
434 375 8 11 2 0 0 0 0 0 
461 376 9 12 2 0 0 0 0 0 
488 375 9 13 2 0 1 0 0 0 
527 374 9 13 2 0 0 0 0 0 
550 374 9 12 2 0 0 0 0 0 
373 406 8 14 2 0 0 0 0 0 
402 408 9 14 2 0 0 0 0 0 
439 408 9 15 2 0 0 0 0 0 
475 406 9 14 2 0 0 0 0 0 
506 405 9 14 2 0 0 0 0 0 
537 402 11 14 2 0 0 0 0 0 
577 375 10 12 2 0 0 0 0 0 
574 400 11 15 2 0 0 0 0 0 
605 375 10 12 2 0 0 0 0 0 
612 406 8 11 2 0 0 0 0 0 
632 375 9 12 2 0 0 0 0 0 
574 263 8 10 2 0 0 0 0 0 
618 264 6 11 2 0 0 0 1 0 
595 285 8 10 2 0 0 0 0 0 
633 285 9 13 2 0 0 0 0 0 
665 288 9 11 2 0 0 0 0 0 
680 265 8 13 2 0 0 0 0 0 
592 329 9 12 2 0 0 0 0 0 
615 334 9 10 2 0 0 0 0 0 
651 332 10 12 2 0 0 0 0 0 
691 331 8 12 2 0 0 0 0 0 
673 376 9 12 2 0 0 0 0 0 
717 256 8 12 2 0 0 0 0 0 
706 286 9 13 2 0 0 0 0 0 
735 288 9 12 2 0 0 0 0 0 
0--Parade/0_Parade_Parade_0_90.jpg
25
35 34 31 39 0 0 0 0 0 0 
126 65 30 40 0 0 0 0 0 0 
164 81 27 34 1 0 0 0 0 0 
199 59 25 33 1 0 0 0 0 0 
239 65 31 33 1 0 0 0 0 0 
274 11 20 21 1 0 0 0 1 0 
311 27 15 21 2 0 0 0 1 0 
215 12 15 17 2 0 0 0 0 0 
396 90 29 38 1 0 0 0 0 1 
481 100 8 12 2 0 0 0 0 0 
504 107 7 9 2 0 1 0 0 0 
525 99 7 10 2 0 0 0 0 0 
438 100 6 11 2 0 0 0 1 0 
58 458 25 35 0 0 0 0 0 0 
22 478 19 23 1 0 0 0 1 0 
155 477 10 14 2 0 0 0 0 0 
178 470 31 36 1 0 0 0 2 0 
233 484 12 14 1 0 0 0 0 0 
228 475 8 9 2 0 0 1 2 1 
326 494 16 19 1 0 0 0 1 0 
439 470 16 27 1 0 0 0 0 1 
433 490 7 11 2 0 0 0 0 0 
860 445 19 31 1 0 0 0 0 1 
922 422 23 40 1 0 0 0 0 1 
654 442 49 57 1 0 0 0 1 0 
0--Parade/0_Parade_marchingband_1_300.jpg
20
73 280 18 25 2 0 0 0 0 0 
184 278 18 18 2 0 0 0 1 0 
215 265 13 16 2 0 0 0 1 0 
226 278 20 23 2 0 0 0 0 0 
325 263 17 19 2 0 0 0 0 0 
353 248 22 23 2 0 0 0 0 0 
347 278 17 25 2 0 0 0 0 0 
497 254 22 23 2 0 1 0 0 0 
504 232 20 19 2 0 0 0 2 0 
546 262 20 24 2 0 0 0 0 0 
576 228 23 32 2 0 0 0 0 0 
646 244 15 18 2 0 0 0 0 0 
670 250 18 23 2 0 1 0 0 0 
683 249 21 32 1 0 0 0 0 0 
715 244 18 31 2 0 0 0 2 0 
762 250 11 14 2 0 0 0 0 0 
853 265 16 22 2 0 0 0 0 0 
863 240 30 44 1 0 1 0 0 0 
907 213 23 30 1 0 1 0 0 0 
923 246 24 36 2 0 1 0 1 0 
0--Parade/0_Parade_Parade_0_782.jpg
30
1 70 44 57 1 0 1 0 0 0 
101 66 45 54 1 0 1 0 0 0 
219 70 37 56 1 0 1 0 0 0 
324 108 38 43 1 0 1 0 0 0 
342 84 40 53 1 0 1 0 0 0 
422 82 24 40 1 0 0 0 2 0 
440 85 44 56 1 0 0 0 0 0 
520 76 23 30 1 0 0 0 2 0 
519 49 13 16 2 0 0 0 0 0 
536 101 21 34 1 0 1 0 2 0 
479 26 17 15 2 0 0 0 1 0 
547 99 38 55 1 0 1 0 1 0 
557 84 46 60 1 0 1 0 0 0 
611 125 34 47 1 0 1 0 2 0 
656 106 40 47 1 0 1 0 0 0 
712 81 51 65 1 0 1 0 0 0 
771 102 36 49 1 0 1 0 2 0 
833 76 50 63 1 0 1 0 0 0 
916 88 44 54 1 0 1 0 1 0 
979 99 45 49 1 0 1 0 0 0 
631 20 8 13 2 0 0 0 1 0 
630 40 11 10 2 0 0 0 0 0 
647 54 12 14 2 0 0 0 1 0 
666 70 10 14 2 0 0 0 2 0 
670 41 8 13 2 0 0 0 0 0 
681 27 5 7 2 0 0 0 2 1 
701 66 12 13 2 0 0 0 1 0 
705 48 10 14 2 0 0 0 1 0 
823 67 11 11 2 0 0 0 2 0 
692 58 9 15 2 0 0 0 2 0 
0--Parade/0_Parade_Parade_0_449.jpg
22
986 232 20 39 1 0 0 0 0 0 
952 209 21 30 1 0 0 0 0 0 
892 170 28 40 1 0 0 0 0 0 
838 186 25 36 1 0 0 0 0 0 
786 159 30 41 1 0 0 0 0 0 
750 142 28 41 1 0 0 0 0 0 
694 132 27 33 1 0 0 0 2 0 
644 109 33 42 1 0 0 0 0 0 
511 79 32 46 1 0 0 0 2 0 
366 95 39 45 1 0 0 0 1 0 
279 92 39 33 1 0 0 0 0 0 
179 102 34 42 1 0 0 0 0 0 
110 123 30 36 1 0 0 0 0 0 
859 615 14 24 2 0 0 0 0 0 
8 692 20 29 1 0 0 0 2 1 
20 633 8 19 2 0 0 0 1 1 
31 643 9 19 2 0 0 0 2 0 
99 681 26 40 1 0 0 0 1 0 
145 647 19 21 2 0 0 0 0 0 
210 593 38 42 2 0 0 0 0 0 
361 561 31 38 1 0 0 0 1 0 
792 612 18 27 2 0 0 0 0 0 
0--Parade/0_Parade_Parade_0_325.jpg
418
26 10 7 11 2 0 0 0 2 0 
33 16 9 13 2 0 0 0 0 0 
39 7 8 9 2 0 0 0 1 0 
56 6 9 13 2 0 0 0 2 0 
68 19 7 10 2 0 0 0 1 0 
62 18 6 11 2 0 0 0 2 0 
18 26 6 16 2 0 0 0 2 0 
20 45 9 13 2 0 0 0 1 0 
27 65 15 17 2 0 0 0 0 0 
19 75 11 15 2 0 0 0 0 0 
68 49 9 9 2 0 0 0 2 0 
89 0 9 13 0 0 0 0 0 0 
109 33 12 16 2 0 0 0 0 0 
124 18 9 16 2 0 0 0 0 0 
148 26 9 14 2 0 0 0 0 0 
154 0 11 12 2 0 0 0 2 0 
171 5 6 14 2 0 0 0 2 0 
178 8 10 13 2 0 0 0 0 0 
195 2 8 11 2 0 0 0 2 0 
187 29 8 11 2 0 0 0 1 0 
188 18 8 11 2 0 0 0 0 0 
55 63 17 18 2 0 0 0 0 1 
74 56 13 15 2 0 0 0 0 1 
85 56 10 17 2 0 0 0 1 0 
80 71 9 13 0 0 0 0 0 0 
88 72 6 11 2 0 0 0 2 0 
79 85 8 13 2 0 0 0 0 0 
59 96 12 15 2 0 0 0 0 0 
33 84 10 14 2 0 0 0 0 0 
34 102 11 13 2 0 0 0 0 0 
26 113 13 16 2 0 0 0 0 0 
38 118 13 16 2 0 0 0 0 0 
23 143 11 12 2 0 0 0 2 0 
40 139 13 17 2 0 0 0 2 0 
54 116 10 17 2 0 0 0 2 0 
50 144 11 15 2 0 0 0 1 0 
51 160 12 15 2 0 0 0 1 0 
21 159 12 13 2 0 0 0 0 0 
36 192 14 15 2 0 0 0 0 0 
58 223 11 13 2 0 0 0 0 0 
69 224 8 8 2 0 0 1 2 0 
92 198 14 17 2 0 0 0 0 0 
101 192 12 14 2 0 0 0 1 0 
74 162 8 15 2 0 0 0 0 0 
108 148 13 16 2 0 0 0 0 0 
87 131 9 14 2 0 0 0 1 0 
91 109 11 16 2 0 0 0 0 0 
115 128 7 12 2 0 0 0 2 0 
137 147 13 14 2 0 0 0 1 0 
130 107 11 14 2 0 0 0 1 1 
125 45 10 15 2 0 0 0 0 0 
140 43 12 17 2 0 0 0 1 0 
148 50 6 10 2 0 0 0 0 0 
103 76 8 9 2 0 0 1 1 1 
143 71 10 17 2 0 0 0 1 0 
158 110 15 16 2 0 0 0 0 0 
183 76 10 14 2 0 0 0 0 0 
171 80 8 17 2 0 0 0 1 0 
182 141 11 14 2 0 0 0 0 0 
192 143 11 15 2 0 0 0 0 0 
202 136 12 15 2 0 0 0 0 0 
212 92 9 13 2 0 0 0 1 0 
175 57 9 12 2 0 0 0 0 0 
172 36 9 15 2 0 0 0 0 0 
220 40 10 16 2 0 0 0 0 0 
235 41 9 16 2 0 0 0 2 0 
246 42 9 11 2 0 0 0 2 0 
221 31 8 10 2 0 0 0 1 0 
212 20 9 12 2 0 0 0 0 0 
203 22 7 12 2 0 0 0 1 0 
211 8 8 10 2 0 0 0 2 0 
229 18 6 12 2 0 0 0 2 0 
232 67 9 14 2 0 0 0 2 0 
196 52 10 14 2 0 0 0 1 0 
250 2 11 14 2 0 0 0 2 0 
282 22 10 13 2 0 0 0 0 0 
285 36 8 14 2 0 0 0 0 0 
259 26 7 13 2 0 0 0 0 0 
296 37 8 13 2 0 0 0 1 0 
306 48 8 11 2 0 0 0 1 0 
292 13 8 11 2 0 0 0 2 0 
314 6 8 13 2 0 0 0 2 0 
353 5 6 11 2 0 0 0 2 0 
351 18 9 12 2 0 0 0 2 0 
366 19 9 17 2 0 0 0 2 0 
373 12 9 15 2 0 0 0 1 0 
386 16 10 15 2 0 0 0 2 0 
343 34 10 17 2 0 0 0 2 0 
384 43 9 14 2 0 0 0 2 0 
371 39 6 13 2 0 0 0 2 0 
392 34 10 15 2 0 0 0 2 0 
274 56 9 13 2 0 0 0 1 0 
290 61 9 12 2 0 0 0 2 0 
317 60 8 14 2 0 0 0 2 0 
317 41 9 14 2 0 0 0 1 0 
272 92 9 12 2 0 0 0 0 0 
308 73 9 14 2 0 0 0 1 0 
335 78 8 14 2 0 0 0 2 0 
323 73 8 14 2 0 0 0 2 0 
335 58 9 17 2 0 0 0 0 0 
388 63 9 15 2 0 0 0 1 0 
252 95 8 13 2 0 0 0 0 0 
262 94 8 13 2 0 0 0 0 0 
244 109 13 16 2 0 0 0 1 0 
248 127 14 19 0 0 0 0 0 0 
232 118 11 16 2 0 0 0 2 0 
281 111 9 17 2 0 0 0 1 0 
300 111 10 15 2 0 0 0 2 0 
197 108 12 10 0 0 0 0 0 0 
164 95 8 11 2 0 0 0 1 0 
171 133 11 14 2 0 0 0 0 1 
142 194 9 17 2 0 0 0 0 0 
137 217 12 17 2 0 0 0 0 0 
156 196 12 17 2 0 0 0 1 0 
158 217 12 16 2 0 0 0 0 0 
178 216 11 15 2 0 0 0 0 0 
209 208 14 17 2 0 0 0 0 0 
198 217 11 17 2 0 0 0 1 0 
140 240 11 13 0 0 0 0 0 0 
181 164 11 13 2 0 0 0 2 1 
202 176 12 17 2 0 0 0 1 0 
211 186 9 13 2 0 0 0 2 0 
213 165 11 14 2 0 0 0 1 0 
212 151 9 11 2 0 0 0 1 0 
246 164 12 17 2 0 0 0 0 0 
267 179 11 15 2 0 0 0 0 0 
256 174 11 15 2 0 0 0 1 0 
251 205 14 15 2 0 0 0 0 0 
228 211 13 15 2 0 0 0 1 0 
262 230 12 14 2 0 0 0 1 0 
280 231 15 18 2 0 0 0 0 0 
283 201 11 15 2 0 0 0 0 0 
299 196 13 16 2 0 0 0 1 0 
304 220 12 11 2 0 0 0 1 0 
230 231 11 15 2 0 0 0 0 0 
215 233 11 15 2 0 0 0 0 0 
293 134 9 16 2 0 0 0 0 0 
314 94 6 11 2 0 0 0 1 1 
304 99 8 10 2 0 0 0 2 0 
323 105 7 10 2 0 0 0 1 0 
379 63 7 11 2 0 0 0 2 0 
336 130 9 13 2 0 0 0 2 0 
335 113 7 11 2 0 0 0 2 0 
410 22 8 13 2 0 0 0 1 0 
444 24 10 14 2 0 0 0 2 0 
432 8 9 13 2 0 0 0 0 0 
459 6 9 14 2 0 0 0 0 0 
454 4 5 9 2 0 0 0 2 0 
484 9 6 8 2 0 0 0 0 0 
496 2 6 8 2 0 0 0 2 0 
467 32 8 10 2 0 0 0 2 0 
483 29 10 10 2 0 0 0 0 0 
496 20 8 12 2 0 0 0 1 1 
529 0 8 5 2 0 0 0 2 0 
537 6 8 10 2 0 0 0 1 0 
534 23 9 11 2 0 0 0 2 0 
542 19 9 12 2 0 0 0 0 0 
575 0 11 12 2 0 0 0 0 0 
605 7 8 12 2 0 0 0 0 0 
598 11 7 9 2 0 0 0 2 0 
590 1 6 10 2 0 0 0 2 0 
574 22 8 15 2 0 0 0 0 0 
557 27 11 14 2 0 0 0 2 0 
576 36 9 11 2 0 0 0 0 0 
594 39 10 15 2 0 0 0 0 0 
608 41 7 9 0 0 0 1 0 0 
620 25 11 10 2 0 0 0 0 0 
630 13 10 11 2 0 0 0 0 0 
629 39 11 16 2 0 0 0 1 0 
667 4 8 11 2 0 0 0 2 0 
659 30 8 11 2 0 0 0 1 0 
670 32 7 11 2 0 0 0 2 0 
658 65 10 13 2 0 0 0 0 0 
668 49 9 16 2 0 0 0 0 0 
631 57 8 14 2 0 0 0 2 0 
631 89 14 20 2 0 0 0 1 0 
660 98 7 13 2 0 0 0 1 0 
640 97 9 15 2 0 0 0 0 0 
668 115 7 9 2 0 0 0 2 0 
647 117 7 9 2 0 0 0 2 0 
653 114 7 9 2 0 0 0 2 0 
191 236 6 14 2 0 0 0 2 0 
171 247 11 17 2 0 0 0 1 0 
143 270 11 17 2 0 0 0 2 0 
202 257 9 15 2 0 0 0 2 0 
215 251 13 19 2 0 0 0 0 0 
241 259 15 13 2 0 0 0 0 0 
262 260 9 18 2 0 0 0 1 0 
308 258 10 15 2 0 0 0 0 0 
285 257 8 12 2 0 0 0 2 0 
320 238 8 11 2 0 0 0 2 0 
265 285 15 20 0 0 0 0 0 0 
260 292 9 16 2 0 0 0 1 0 
220 291 16 19 2 0 0 0 0 0 
197 282 13 15 2 0 0 0 0 0 
211 275 11 25 2 0 0 0 1 1 
235 279 13 18 2 0 0 0 1 0 
247 276 16 16 0 0 0 0 0 0 
164 277 12 16 2 0 0 0 2 0 
104 308 18 24 2 0 0 0 0 0 
67 314 16 20 2 0 0 0 0 0 
37 408 15 21 2 0 0 0 0 0 
29 435 15 19 2 0 0 0 1 0 
26 486 12 18 2 0 0 0 0 0 
161 310 14 19 2 0 0 0 2 0 
148 287 8 12 2 0 0 0 0 1 
187 319 13 16 2 0 0 0 0 0 
270 308 15 16 2 0 0 0 0 0 
306 294 13 17 2 0 0 0 2 0 
343 315 7 14 2 0 0 0 2 0 
355 315 14 17 2 0 0 0 0 0 
363 328 12 18 2 0 0 0 0 0 
381 317 6 9 2 0 0 0 2 0 
399 303 13 17 2 0 0 0 0 0 
393 287 16 17 2 0 0 0 2 0 
406 278 11 16 2 0 0 0 1 0 
416 310 14 17 2 1 0 0 1 0 
154 423 10 18 2 0 0 0 0 0 
157 437 8 14 2 0 0 0 2 0 
164 468 10 15 2 0 0 0 2 0 
209 462 16 20 2 0 0 0 0 0 
233 443 16 21 2 0 0 0 0 0 
185 435 9 18 2 0 0 0 2 0 
208 439 15 17 2 0 0 0 2 0 
237 478 13 19 2 0 0 0 0 0 
248 478 8 17 2 0 0 0 1 0 
280 476 12 14 2 0 0 0 0 0 
262 483 12 13 2 0 0 0 2 0 
309 485 12 18 2 0 0 0 0 0 
324 458 12 21 2 0 0 0 0 0 
337 428 10 12 2 0 1 0 0 1 
332 445 14 24 2 0 0 0 0 0 
370 444 12 24 2 0 0 0 0 0 
378 451 12 20 2 0 0 0 0 0 
400 479 13 16 2 0 0 0 1 0 
382 471 14 15 2 0 0 0 1 0 
420 487 14 16 2 0 0 0 1 0 
433 431 12 15 2 0 1 0 1 0 
463 333 12 12 2 0 0 0 0 1 
463 302 12 17 2 0 0 0 2 0 
556 308 12 17 2 0 0 0 0 0 
592 319 9 11 0 0 0 0 0 0 
476 443 11 16 2 0 0 0 1 0 
493 426 9 16 2 0 0 0 2 0 
497 458 11 19 2 0 0 0 0 0 
457 468 14 16 0 0 0 0 0 0 
470 488 15 17 2 0 0 0 2 0 
545 493 17 15 2 0 0 0 2 0 
546 445 15 21 2 0 0 0 0 1 
563 454 10 17 2 0 0 0 1 0 
576 417 8 10 2 0 0 0 1 0 
572 433 14 16 2 0 0 0 0 0 
583 442 11 16 2 0 0 0 2 0 
601 462 10 12 2 0 0 0 1 0 
630 434 14 17 2 0 0 0 1 0 
615 406 10 15 2 0 0 0 0 0 
622 474 16 20 2 0 0 0 0 0 
617 456 10 21 2 0 0 0 0 0 
647 468 11 19 2 0 0 0 0 0 
609 494 10 12 2 0 0 0 2 0 
669 475 17 13 2 0 0 0 1 0 
695 461 16 19 2 0 0 0 1 0 
696 427 15 23 2 0 0 0 0 0 
749 479 11 19 2 0 0 0 0 0 
759 462 16 19 2 0 0 0 0 0 
743 432 14 18 2 0 0 0 0 0 
747 414 15 18 2 0 0 0 0 1 
766 419 12 18 2 0 0 0 0 0 
801 493 12 19 2 0 0 0 0 0 
816 468 10 18 2 0 0 0 0 0 
822 446 13 18 2 0 0 0 1 0 
833 412 16 23 2 0 0 0 0 0 
851 477 9 20 2 0 0 0 1 0 
897 460 13 20 2 0 0 0 0 0 
882 498 15 14 2 0 0 0 1 0 
917 493 12 19 2 0 0 0 0 0 
877 451 10 15 2 0 0 0 0 0 
933 462 15 21 2 0 0 0 2 0 
954 473 13 17 2 0 0 0 0 0 
995 446 15 20 2 0 0 0 2 0 
1005 493 13 19 2 0 0 0 0 0 
998 497 13 15 2 0 0 0 1 0 
766 309 12 18 2 0 0 0 0 0 
781 310 12 19 2 0 0 0 0 0 
780 274 12 19 2 0 0 0 0 0 
726 290 14 20 2 0 0 0 0 0 
739 272 12 17 2 0 0 0 0 0 
716 277 16 16 2 0 0 0 0 0 
700 289 12 16 2 0 0 0 0 0 
685 293 13 17 2 0 0 0 0 0 
644 316 13 18 2 0 0 0 0 0 
678 271 13 19 2 0 0 0 0 0 
680 243 12 17 2 0 0 0 0 0 
725 253 13 18 2 0 0 0 1 1 
699 253 13 18 2 0 0 0 0 0 
695 234 10 13 2 0 0 0 0 0 
790 234 9 15 2 0 0 0 1 0 
767 236 9 12 2 0 0 0 0 0 
775 230 9 12 2 0 0 0 1 0 
719 235 9 12 2 0 0 0 1 0 
761 204 12 15 2 0 0 0 1 0 
697 220 10 14 2 0 0 0 1 1 
743 251 11 9 2 0 0 0 2 0 
753 260 15 15 2 0 0 0 2 1 
770 246 9 12 2 0 0 0 0 0 
746 208 10 13 2 0 0 0 1 0 
716 200 10 18 2 0 0 0 1 0 
754 183 14 15 2 0 0 0 0 0 
842 215 13 22 2 0 0 0 0 0 
814 192 13 17 2 0 0 0 0 0 
799 191 6 16 2 0 0 0 2 0 
805 190 9 19 2 0 0 0 2 0 
810 178 10 13 2 0 0 0 1 0 
914 200 10 16 2 0 0 0 1 0 
904 198 8 17 2 0 0 0 1 0 
863 187 13 18 2 0 0 0 0 0 
887 180 12 13 2 0 0 0 1 0 
829 168 12 14 2 0 0 0 1 0 
790 179 11 16 2 0 0 0 1 0 
803 167 10 14 2 0 0 0 1 0 
795 155 7 12 2 0 0 0 2 0 
698 163 11 11 2 0 0 0 2 1 
915 158 10 15 2 0 0 0 2 0 
892 158 9 15 2 0 0 0 1 0 
695 43 9 11 2 0 0 0 2 0 
707 32 7 11 2 0 0 0 2 0 
712 12 9 9 2 0 0 0 1 0 
733 25 10 15 2 0 0 0 0 0 
759 66 11 15 2 0 0 0 2 0 
780 43 8 12 2 0 0 0 1 0 
765 29 7 12 2 0 0 0 2 0 
771 10 8 14 2 0 0 0 1 0 
831 19 7 13 2 0 0 0 0 0 
822 7 10 15 2 0 0 0 2 0 
859 0 8 12 2 0 0 0 1 0 
884 34 10 14 2 0 0 0 1 0 
902 15 9 9 2 0 0 0 1 0 
886 6 8 11 2 0 0 0 2 0 
879 0 8 5 2 0 0 0 2 0 
898 3 7 11 2 0 0 0 1 0 
916 2 8 14 2 0 0 0 2 0 
905 4 4 8 2 0 0 0 2 0 
930 5 12 13 2 0 0 0 1 0 
950 16 6 12 2 0 0 0 1 0 
947 3 6 11 2 0 0 0 2 0 
969 0 7 11 2 0 0 0 2 0 
993 1 10 10 2 0 0 0 2 0 
1002 20 7 11 2 0 0 0 2 0 
1011 18 10 15 2 0 0 0 2 0 
992 23 8 12 2 0 0 0 2 0 
808 62 10 11 2 0 0 0 2 0 
828 45 8 13 2 0 0 0 1 0 
813 72 7 9 2 0 0 0 2 0 
796 82 11 11 2 0 0 0 2 0 
793 96 7 11 2 0 0 0 1 0 
803 102 10 9 2 0 0 0 2 0 
827 74 9 15 2 0 0 0 1 0 
840 80 8 13 2 0 0 0 1 0 
845 61 9 13 2 0 0 0 1 0 
873 29 8 11 2 0 0 0 0 0 
849 32 8 12 2 0 0 0 2 0 
852 23 6 7 2 0 0 1 2 0 
855 73 9 15 2 0 0 0 1 0 
877 78 12 14 2 0 0 0 0 0 
879 59 8 13 2 0 0 0 1 0 
917 41 8 13 2 0 0 0 1 0 
893 28 8 14 2 0 0 0 2 0 
946 41 13 16 2 0 0 0 2 0 
962 32 10 12 2 0 0 0 1 0 
1004 52 10 14 2 0 0 0 1 0 
995 57 8 13 2 0 0 0 1 0 
974 54 15 15 2 0 0 0 1 0 
954 60 8 11 2 0 0 0 2 0 
962 68 10 11 2 0 0 0 2 0 
932 77 11 14 2 0 0 0 1 0 
916 92 8 14 2 0 0 0 2 0 
917 84 9 8 2 0 0 0 2 0 
867 107 10 15 2 0 0 0 0 0 
874 97 9 9 2 0 0 1 2 1 
870 78 7 9 2 0 0 0 0 0 
824 122 9 12 2 0 0 0 1 0 
789 131 10 12 2 0 0 0 2 0 
784 111 10 15 2 0 0 0 2 0 
695 186 10 16 2 0 0 0 2 0 
815 147 8 10 2 0 0 0 2 0 
813 131 8 13 2 0 0 0 1 0 
843 146 9 15 2 0 0 0 2 0 
855 132 9 14 2 0 0 0 0 0 
863 147 7 10 2 0 0 0 2 0 
879 138 10 14 2 0 0 0 0 0 
879 115 12 17 2 0 0 0 0 0 
923 106 9 12 2 0 0 0 0 0 
950 106 9 13 2 0 0 0 0 0 
958 84 9 10 2 0 0 0 1 0 
980 106 11 16 2 0 0 0 1 1 
992 109 9 14 2 0 0 0 2 0 
991 96 13 9 2 0 0 0 2 0 
995 90 10 16 2 0 0 0 1 0 
1011 139 12 22 2 0 0 0 0 0 
957 129 8 13 2 0 0 0 2 0 
965 124 9 14 2 0 0 0 1 0 
938 125 9 14 2 0 0 0 1 0 
946 150 11 14 2 0 0 0 2 0 
956 168 10 14 2 0 0 0 0 0 
958 188 11 16 2 0 0 0 2 0 
950 200 14 15 2 0 0 0 2 0 
956 219 12 9 2 0 0 0 2 0 
975 192 13 21 2 0 0 0 1 0 
990 138 14 19 2 0 1 0 0 0 
1003 179 19 20 2 0 0 0 1 0 
995 220 16 9 2 0 0 0 2 0 
1011 208 10 14 2 0 0 0 2 0 
733 120 6 7 2 0 0 1 2 0 
720 138 7 11 2 0 0 0 1 0 
294 417 6 13 2 0 0 0 2 0 
69 482 11 20 2 0 0 0 1 1 
753 278 12 14 2 0 0 0 0 0 
799 65 6 8 2 0 0 0 2 0 
0--Parade/0_Parade_Parade_0_136.jpg
80
46 377 10 12 2 0 0 0 0 0 
91 403 9 11 2 0 0 0 0 0 
56 411 9 11 2 0 0 0 2 0 
118 387 11 13 2 0 0 0 0 0 
169 389 11 14 2 0 0 0 0 0 
152 380 8 10 2 0 0 0 1 0 
210 381 9 14 2 0 0 0 2 0 
32 364 11 13 2 0 0 0 0 0 
70 347 10 11 2 0 0 0 1 0 
115 324 10 11 2 0 0 0 0 0 
155 321 11 15 2 0 0 0 1 0 
188 328 10 11 2 0 0 0 0 0 
216 360 11 13 2 0 0 0 0 0 
208 338 9 11 2 0 0 0 0 0 
232 339 9 11 2 0 0 0 0 0 
284 335 10 11 2 0 0 0 0 0 
63 322 10 11 2 0 0 0 0 0 
47 324 9 10 2 0 0 0 2 0 
20 331 8 11 2 0 0 0 0 0 
7 295 8 9 2 0 0 0 1 0 
46 310 10 9 2 0 0 0 1 0 
33 310 8 9 2 0 1 0 0 0 
62 312 10 11 2 0 0 0 0 0 
75 312 11 10 2 0 0 0 0 1 
103 302 11 14 2 0 0 0 0 0 
123 305 8 11 2 0 0 0 1 0 
134 303 9 12 2 0 0 0 1 0 
96 240 5 8 2 0 0 0 1 0 
29 234 5 6 2 0 0 0 2 0 
206 313 8 10 2 0 0 0 1 0 
192 313 8 9 2 0 0 0 2 0 
153 311 8 7 2 0 0 1 1 0 
222 308 9 10 2 0 0 0 0 0 
228 321 7 9 2 0 0 0 1 0 
217 330 8 9 2 0 0 0 1 0 
269 299 8 12 2 0 0 0 2 0 
59 147 10 9 2 0 1 1 0 1 
36 328 6 10 2 0 0 1 2 0 
22 327 7 8 2 0 0 0 2 0 
0 333 8 12 2 0 0 0 1 1 
364 321 7 10 2 0 0 0 2 0 
443 298 9 7 2 0 0 0 1 0 
358 299 10 10 2 0 0 0 2 0 
351 300 5 8 2 0 0 0 1 0 
215 312 8 11 2 0 0 0 2 0 
490 302 11 16 2 0 0 0 0 0 
371 323 6 8 2 0 0 0 1 0 
672 351 14 20 2 0 0 0 0 0 
573 372 8 11 2 0 0 0 2 0 
561 310 8 9 2 0 0 0 1 0 
533 298 8 10 2 0 0 1 2 0 
561 292 6 8 2 0 0 0 2 0 
601 302 7 10 2 0 0 0 2 0 
589 317 8 9 2 0 0 1 1 0 
601 319 7 11 2 0 0 0 2 0 
545 317 7 7 2 0 0 1 2 0 
558 357 8 10 2 0 0 0 2 0 
536 374 7 10 2 0 0 0 2 0 
498 311 8 10 2 0 0 0 0 0 
682 272 11 18 2 0 0 0 1 0 
744 326 8 9 2 0 0 0 2 1 
608 303 9 8 2 0 0 0 1 1 
663 575 17 30 2 0 0 0 0 0 
853 561 19 23 2 0 0 0 0 1 
983 296 7 9 2 0 0 1 1 0 
936 331 7 8 2 0 0 0 2 0 
957 297 6 7 2 0 0 0 2 0 
969 300 5 6 2 0 0 0 2 0 
932 365 7 8 2 0 0 1 2 0 
905 370 8 10 2 0 0 1 2 1 
874 356 8 10 2 0 0 0 1 0 
1011 364 10 10 2 0 0 0 2 0 
1004 337 6 8 2 0 0 0 1 0 
970 362 6 7 2 0 0 0 1 0 
960 338 9 9 2 0 0 0 2 0 
965 314 7 8 2 0 0 0 2 0 
974 316 6 9 2 0 0 0 2 0 
940 312 7 7 2 0 0 1 2 0 
999 367 6 8 2 0 0 1 2 0 
353 377 8 8 2 0 0 0 1 0 
0--Parade/0_Parade_Parade_0_1014.jpg
2
122 380 10 12 2 0 0 0 1 0 
246 378 12 14 2 0 0 0 0 0 
0--Parade/0_Parade_marchingband_1_454.jpg
13
647 122 23 45 2 0 1 0 2 0 
720 141 25 36 2 0 0 0 2 0 
780 146 20 34 2 0 0 0 2 0 
842 173 19 27 2 0 0 0 0 0 
890 172 16 31 2 0 0 0 2 0 
948 157 18 26 2 0 0 0 1 0 
557 105 29 50 2 0 0 0 0 0 
210 124 38 57 1 0 0 0 2 0 
48 157 42 58 1 0 0 0 1 0 
366 132 18 27 2 0 0 0 2 0 
97 164 24 35 2 0 0 0 2 0 
431 154 30 47 1 0 0 0 0 0 
1001 194 9 17 2 0 0 0 2 0 
0--Parade/0_Parade_marchingband_1_483.jpg
9
583 379 57 62 0 0 0 0 0 0 
676 299 45 60 0 0 0 0 0 0 
616 275 39 41 0 0 0 0 0 0 
617 224 37 37 0 0 0 0 0 0 
453 294 44 53 0 0 0 0 0 0 
361 281 33 43 0 0 0 0 0 0 
374 380 50 55 0 0 0 0 0 0 
250 414 42 53 0 0 0 0 0 0 
485 419 48 65 0 0 0 0 0 0 
0--Parade/0_Parade_Parade_0_87.jpg
6
499 391 72 89 1 0 1 0 0 0 
895 747 19 23 2 0 0 0 0 0 
860 769 17 19 2 0 0 0 0 0 
797 747 19 20 2 0 0 0 1 0 
735 754 19 20 2 0 0 0 0 0 
259 759 11 10 2 0 0 0 2 0 
0--Parade/0_Parade_marchingband_1_193.jpg
30
92 289 23 28 2 0 0 0 0 0 
197 312 24 25 2 0 1 0 1 0 
252 298 19 23 2 0 1 0 0 0 
242 290 14 21 2 0 0 0 0 1 
190 110 14 27 2 0 0 0 1 0 
354 322 21 23 2 0 1 0 0 0 
370 310 18 28 2 0 0 0 1 0 
362 267 19 28 2 0 0 0 0 0 
350 248 17 23 2 0 1 0 1 0 
391 244 19 24 2 0 1 0 0 0 
404 273 20 26 2 0 1 0 1 0 
435 280 22 24 1 0 1 0 0 0 
477 244 17 24 1 0 1 0 0 0 
485 276 19 23 2 0 1 0 0 0 
504 276 21 21 2 0 1 0 0 0 
529 280 15 19 2 0 0 0 2 0 
478 316 18 25 2 0 1 0 0 0 
564 284 18 26 2 0 0 0 0 0 
614 206 20 24 2 0 1 0 0 0 
593 275 16 19 2 0 1 0 0 0 
609 287 18 21 2 0 1 0 1 1 
665 258 19 23 2 0 1 0 1 1 
592 331 17 30 2 0 0 0 0 1 
734 267 17 18 2 0 1 0 1 0 
762 277 20 23 2 0 0 0 0 0 
777 239 18 26 2 0 0 0 0 0 
850 273 21 20 2 0 1 0 0 0 
852 245 18 24 2 0 1 0 2 0 
883 289 18 26 2 0 1 0 0 0 
923 246 17 24 2 0 1 0 0 0 
0--Parade/0_Parade_Parade_0_156.jpg
27
892 121 45 54 1 0 0 0 0 0 
1000 190 24 50 1 0 0 0 1 0 
763 299 27 38 2 0 0 0 0 0 
815 272 23 33 2 0 0 0 2 0 
721 263 20 29 2 0 0 0 1 0 
767 261 20 31 2 0 0 0 2 0 
707 237 22 28 2 0 0 0 2 0 
399 275 28 38 1 0 0 0 0 0 
426 215 19 28 2 0 0 0 2 0 
429 141 23 30 2 0 0 0 1 0 
309 275 28 37 2 0 0 0 0 0 
340 248 24 30 2 0 0 0 2 0 
322 212 21 30 2 0 0 0 1 1 
278 217 18 25 2 0 0 0 2 0 
366 153 21 28 2 0 0 0 1 0 
212 293 27 30 2 0 0 0 0 0 
227 245 21 28 2 0 0 0 1 0 
179 202 22 26 2 0 0 0 1 0 
41 155 57 63 1 0 0 0 0 0 
149 58 15 21 2 0 0 0 1 0 
179 99 18 23 2 0 0 0 0 0 
97 100 18 22 2 0 0 0 1 0 
110 62 17 17 2 0 0 0 1 0 
728 182 18 20 2 0 0 0 1 0 
556 134 57 74 0 0 0 0 0 0 
681 291 25 37 2 0 0 0 1 0 
803 229 28 15 2 0 0 0 2 1 
0--Parade/0_Parade_marchingband_1_631.jpg
54
51 209 19 25 2 0 0 0 0 0 
125 234 17 21 2 0 0 0 0 0 
183 241 17 21 2 0 0 0 0 0 
239 229 16 21 2 0 0 0 0 0 
258 282 15 26 2 0 0 0 0 0 
182 280 16 24 2 0 0 0 0 0 
154 324 24 23 2 0 0 0 0 0 
65 311 21 25 2 0 0 0 0 0 
225 382 20 24 2 0 0 0 0 0 
154 495 26 41 2 0 0 0 0 0 
292 506 27 34 2 0 0 0 0 0 
423 480 23 31 2 0 0 0 0 0 
294 224 16 20 2 0 0 0 0 0 
360 230 16 18 2 0 0 0 0 1 
426 233 13 22 2 0 0 0 0 0 
331 277 16 23 2 0 0 0 0 0 
280 315 19 20 2 0 0 0 0 0 
408 289 17 22 2 0 0 0 0 0 
377 331 20 25 2 0 0 0 0 0 
450 324 18 27 2 0 0 0 0 0 
299 370 19 25 2 0 0 0 0 0 
339 396 20 29 2 0 0 0 0 0 
401 372 19 26 2 0 0 0 0 0 
413 397 19 24 2 0 0 0 0 0 
493 219 15 19 2 0 0 0 0 0 
559 209 18 22 2 0 0 0 0 0 
483 298 19 23 2 0 0 0 0 0 
558 291 16 22 2 0 0 0 0 0 
623 290 17 22 2 0 0 0 0 0 
598 334 19 25 2 0 0 0 0 0 
524 331 17 24 2 0 0 0 0 0 
481 367 20 26 2 0 0 0 0 0 
554 373 19 26 2 0 0 0 0 0 
623 376 21 29 2 0 0 0 0 0 
495 419 22 28 2 0 0 0 0 0 
579 494 25 32 2 0 0 0 0 0 
585 394 20 29 2 0 0 0 0 0 
635 214 15 22 2 0 0 0 0 0 
705 251 15 19 2 0 0 0 0 0 
774 264 17 20 2 0 0 0 0 0 
747 298 16 24 2 0 0 0 0 0 
691 297 14 20 2 0 0 0 0 0 
682 331 19 24 2 0 0 0 0 0 
776 382 22 28 2 0 0 0 0 0 
698 391 18 24 2 0 0 0 0 0 
663 404 22 28 2 0 0 0 0 0 
728 502 30 37 2 0 0 0 0 0 
844 255 16 18 2 0 0 0 0 0 
914 260 16 19 2 0 0 0 0 0 
968 243 15 22 2 0 0 0 0 0 
824 294 19 22 2 0 0 0 0 0 
856 327 21 27 2 0 0 0 0 0 
930 339 20 26 2 0 0 0 0 0 
871 518 31 39 2 0 0 0 0 0 
0--Parade/0_Parade_Parade_0_469.jpg
6
171 200 13 19 2 0 1 0 1 0 
479 205 18 25 1 0 1 0 0 0 
594 268 5 7 2 0 0 0 1 0 
935 9 54 54 0 0 1 0 0 0 
813 268 4 4 0 0 0 1 0 0 
849 266 4 3 0 0 0 1 0 0 
0--Parade/0_Parade_Parade_0_438.jpg
21
986 385 4 7 2 0 1 0 2 0 
984 420 5 7 2 0 1 0 0 0 
996 387 4 6 2 0 0 0 2 0 
867 383 9 12 1 0 1 0 0 0 
822 361 7 7 2 0 0 0 2 0 
786 383 9 12 2 0 0 0 1 0 
772 357 8 6 2 0 0 0 1 0 
735 378 10 12 2 0 1 0 0 0 
712 340 8 11 2 0 0 0 1 0 
657 369 8 9 2 0 1 0 1 0 
641 403 4 7 2 0 0 0 0 1 
611 410 6 8 2 0 0 0 1 0 
571 412 7 9 1 0 1 0 0 0 
139 370 9 11 2 0 0 0 0 1 
211 339 19 27 1 0 1 0 0 0 
270 358 14 22 1 0 1 0 2 0 
342 362 12 15 2 0 0 0 1 1 
358 371 14 19 1 0 1 0 0 0 
417 354 16 23 1 0 1 0 0 0 
458 384 11 14 2 0 0 0 0 1 
558 404 5 6 2 0 1 0 0 0 
0--Parade/0_Parade_marchingband_1_462.jpg
18
668 226 13 20 2 0 0 0 1 0 
750 224 8 10 2 0 0 0 2 0 
886 217 10 16 2 0 0 0 2 0 
962 204 14 18 2 0 0 0 0 0 
257 194 19 31 1 0 0 0 1 0 
87 210 17 17 2 0 0 0 0 0 
320 210 14 17 2 0 0 0 2 0 
413 198 10 12 2 0 0 0 2 1 
470 196 11 11 2 0 0 0 1 0 
510 214 9 10 2 0 0 0 1 0 
448 224 6 9 2 0 0 0 2 0 
393 219 8 9 2 0 0 0 2 0 
298 216 7 8 2 0 0 0 2 0 
234 222 10 11 2 0 0 0 1 0 
218 214 7 10 2 0 0 0 2 0 
143 210 6 7 2 0 0 0 2 0 
0 213 9 11 2 0 0 0 1 0 
27 213 6 7 2 0 0 0 1 0 
0--Parade/0_Parade_marchingband_1_624.jpg
119
246 102 12 16 2 0 0 0 0 0 
221 124 13 19 2 0 1 0 0 0 
312 144 12 14 2 0 0 0 0 0 
341 158 13 13 2 0 0 0 0 0 
366 145 11 13 2 0 0 0 0 0 
378 164 12 13 2 0 1 0 0 0 
391 176 14 16 2 0 1 0 1 0 
416 165 12 14 2 0 0 0 0 0 
346 175 13 15 2 0 0 0 0 0 
297 162 13 15 2 0 1 0 1 0 
300 181 14 18 2 0 1 0 0 0 
291 196 13 18 2 0 1 0 0 0 
327 203 14 17 2 0 1 0 0 0 
341 218 15 19 2 0 1 0 0 0 
379 206 13 18 2 0 0 0 0 0 
394 226 15 18 2 0 0 0 0 0 
372 244 15 19 2 0 1 0 0 0 
344 268 16 18 2 0 1 0 0 0 
321 254 14 19 2 0 1 0 0 0 
284 225 15 17 2 0 1 0 0 0 
275 252 14 16 2 0 0 0 0 0 
291 272 17 21 2 0 1 0 0 0 
185 173 11 16 2 0 0 0 0 0 
155 219 15 18 2 0 0 0 0 1 
113 263 17 22 2 0 1 0 0 0 
262 300 17 22 2 0 1 0 0 0 
312 301 15 19 2 0 1 0 0 0 
356 302 17 20 2 0 1 0 0 0 
242 337 19 16 2 0 1 0 0 0 
259 357 16 21 0 0 1 0 0 0 
290 347 16 18 2 0 1 0 0 0 
338 341 16 18 2 0 0 0 0 0 
327 370 18 21 2 0 1 0 0 0 
369 362 17 20 2 0 1 0 0 0 
93 327 20 25 2 0 0 0 0 0 
220 384 18 24 2 0 1 0 0 0 
432 144 11 14 2 0 0 0 0 0 
489 134 14 19 2 0 1 0 0 0 
457 163 13 16 2 0 0 0 0 0 
499 162 12 15 2 0 0 0 0 0 
537 164 15 13 2 0 0 0 0 0 
520 176 15 15 2 0 1 0 0 0 
484 179 14 15 2 0 1 0 0 0 
438 183 14 16 2 0 0 0 0 0 
431 199 16 18 2 0 1 0 0 0 
479 202 15 17 2 0 0 0 0 0 
531 206 14 16 2 0 1 0 0 0 
494 221 14 19 2 0 1 0 0 0 
444 227 13 16 2 0 1 0 0 0 
477 244 14 22 2 0 0 0 0 0 
527 248 14 19 2 0 0 0 0 0 
424 253 13 18 2 0 0 0 0 0 
458 272 16 20 2 0 1 0 0 0 
511 274 15 17 2 0 1 0 0 0 
395 274 15 20 2 0 1 0 0 0 
405 299 15 19 2 0 1 0 0 0 
459 303 14 14 2 0 0 0 0 0 
502 304 15 18 2 0 1 0 0 0 
516 317 16 22 2 0 1 0 0 0 
451 329 17 22 2 0 1 0 0 0 
396 324 16 18 2 0 0 0 0 0 
425 361 17 22 2 0 1 0 0 0 
490 356 17 23 2 0 1 0 0 0 
558 145 14 18 2 0 0 0 0 0 
586 160 11 18 2 0 0 0 0 0 
621 168 11 16 2 0 0 0 0 0 
560 179 14 14 2 0 1 0 0 0 
604 184 13 19 2 0 1 0 0 0 
637 146 12 18 2 0 1 0 0 0 
640 177 14 17 2 0 0 0 0 0 
659 170 13 14 2 0 1 0 2 0 
580 204 14 17 2 0 0 0 0 0 
602 217 15 21 2 0 1 0 0 0 
624 207 13 19 2 0 0 0 0 0 
667 205 14 17 2 0 0 0 0 0 
657 227 12 15 2 0 0 0 0 0 
542 231 13 19 2 0 0 0 0 0 
579 249 13 16 2 0 0 0 0 0 
621 245 14 18 2 0 0 0 0 0 
613 269 14 18 2 0 0 0 0 0 
547 272 16 21 2 0 0 0 0 0 
562 293 16 21 2 0 0 0 0 0 
570 331 17 21 2 0 0 0 0 0 
621 331 15 22 2 0 0 0 0 0 
626 308 16 17 2 0 1 0 0 0 
538 366 19 23 2 0 1 0 0 0 
608 363 17 22 2 0 0 0 0 0 
707 138 13 14 2 0 0 0 1 0 
679 174 13 17 2 0 0 0 0 0 
695 168 13 16 2 0 0 0 0 0 
726 170 13 16 2 0 1 0 0 0 
768 160 14 16 2 0 0 0 0 0 
725 156 14 15 2 0 0 0 2 0 
770 185 14 15 2 0 0 0 0 0 
756 204 15 15 2 0 0 0 0 0 
709 201 15 18 2 0 1 0 0 0 
710 219 15 20 2 0 1 0 0 0 
765 226 15 14 2 0 0 0 0 0 
665 251 15 19 2 0 1 0 0 0 
717 251 13 18 2 0 0 0 0 0 
762 252 16 18 2 0 0 0 0 1 
671 274 14 20 2 0 0 0 0 0 
726 277 14 19 2 0 0 0 0 0 
784 274 15 20 2 0 0 0 0 0 
682 299 14 18 2 0 0 0 0 0 
729 302 14 20 2 0 0 0 0 0 
780 304 14 17 2 0 0 0 0 0 
741 325 17 22 2 0 0 0 0 0 
677 331 17 21 2 0 1 0 0 0 
670 365 17 20 2 0 0 0 0 0 
733 354 20 24 2 0 0 0 0 0 
734 391 20 24 2 0 1 0 0 0 
819 100 12 15 2 0 1 0 0 0 
858 135 10 15 2 0 0 0 0 0 
859 169 15 16 2 0 0 0 0 0 
881 216 17 18 2 0 1 0 0 0 
804 321 17 24 2 0 1 0 0 0 
886 272 16 22 2 0 0 0 0 0 
916 336 18 19 2 0 0 0 0 0 
0--Parade/0_Parade_Parade_0_138.jpg
11
220 286 23 35 1 0 0 0 0 0 
373 329 19 24 1 0 0 0 1 0 
575 287 19 24 1 0 0 0 0 0 
521 286 17 22 1 0 0 0 1 0 
697 374 13 19 1 0 0 0 1 0 
639 367 11 19 2 0 0 0 1 0 
786 377 13 16 2 0 0 0 0 1 
995 511 6 6 2 0 0 0 1 0 
1008 511 4 6 2 0 0 0 2 0 
1016 501 4 7 2 0 0 0 1 1 
1004 493 4 6 2 0 0 0 2 0 
0--Parade/0_Parade_Parade_0_570.jpg
30
67 167 236 274 0 0 0 0 0 0 
407 127 180 227 0 0 0 0 0 0 
655 246 17 21 2 0 0 0 0 0 
681 212 19 19 2 0 0 0 1 0 
845 120 14 20 2 0 0 0 0 0 
878 107 15 20 2 0 0 0 0 0 
917 92 17 19 2 0 0 0 0 0 
54 559 29 35 2 0 0 0 0 0 
424 777 116 131 0 0 1 0 0 0 
618 620 124 148 0 0 0 0 0 0 
713 560 118 147 0 0 0 0 0 0 
851 520 119 175 0 0 0 0 0 0 
761 890 26 38 2 0 0 0 0 0 
869 918 28 41 2 0 0 0 0 0 
43 1285 26 42 2 0 0 0 0 0 
147 1308 27 37 2 0 0 0 0 0 
266 1315 35 50 2 0 0 0 0 0 
324 1261 31 37 2 0 0 0 0 0 
481 1287 25 40 2 0 0 0 0 0 
523 1321 21 31 2 0 0 0 0 0 
517 1257 16 28 2 0 0 0 0 0 
574 1319 27 40 2 0 0 0 0 0 
656 1278 22 33 2 0 0 0 0 0 
702 1254 15 25 2 0 0 0 0 0 
706 1321 25 35 2 0 0 0 0 0 
831 1319 24 39 2 0 0 0 0 0 
820 1277 15 26 2 0 0 0 0 0 
916 1283 15 20 2 0 1 0 1 0 
910 1323 21 35 2 0 0 0 2 0 
932 1277 27 41 2 0 0 0 0 0 
0--Parade/0_Parade_Parade_0_148.jpg
22
797 335 24 33 1 0 0 0 1 0 
708 313 8 10 2 0 0 0 0 0 
495 351 22 23 1 0 0 0 0 0 
574 353 21 24 1 0 0 0 1 0 
492 312 8 10 2 0 0 0 0 0 
445 317 9 11 1 0 0 0 0 0 
428 316 7 11 1 0 0 0 1 0 
406 320 8 10 2 0 0 0 0 0 
390 323 8 10 2 0 0 0 0 0 
379 328 6 8 2 0 0 0 1 0 
358 329 8 9 2 0 0 0 0 0 
334 330 7 10 2 0 0 0 0 0 
308 347 17 23 1 0 0 0 0 0 
211 356 16 20 1 0 0 0 0 0 
155 365 12 19 1 0 0 0 0 0 
97 403 12 16 1 0 0 0 0 0 
84 385 7 9 2 0 0 0 2 0 
120 393 12 11 2 0 0 0 2 0 
73 411 14 18 2 0 0 0 1 0 
51 386 7 11 2 0 0 0 2 0 
13 391 6 7 0 0 0 1 0 0 
0 404 10 13 1 0 0 0 0 0 
0--Parade/0_Parade_Parade_0_577.jpg
1
294 300 455 582 0 0 0 0 0 0 
0--Parade/0_Parade_Parade_0_652.jpg
7
191 280 18 32 1 0 0 0 2 0 
211 263 16 23 1 0 0 0 0 0 
276 278 17 10 1 0 0 0 2 0 
298 305 14 21 1 0 0 0 0 0 
379 304 14 18 1 0 0 0 1 0 
416 311 13 17 1 0 0 0 1 0 
803 301 9 11 2 0 0 0 2 0 
0--Parade/0_Parade_Parade_0_687.jpg
24
60 477 10 13 2 0 0 0 1 1 
649 171 13 18 2 0 1 0 0 0 
79 463 12 16 2 0 0 0 0 0 
71 386 9 15 2 0 0 0 1 0 
112 391 9 14 2 0 0 0 2 1 
141 430 8 12 2 0 0 0 2 0 
119 466 15 18 2 0 0 0 0 0 
104 466 15 15 2 0 0 0 0 0 
171 493 8 11 2 0 0 0 1 0 
243 469 11 13 2 0 0 0 0 0 
223 484 5 13 2 0 0 0 1 0 
206 404 10 13 2 0 0 0 0 0 
259 400 7 8 0 0 0 1 0 0 
310 405 8 10 2 0 0 0 0 0 
290 474 9 10 2 0 0 0 0 1 
310 486 9 12 2 0 0 0 0 0 
322 478 8 11 2 0 0 0 2 0 
181 396 8 10 2 0 0 0 1 0 
3 496 9 13 2 0 0 0 2 0 
223 390 8 11 2 0 0 0 0 0 
31 475 12 16 2 0 0 0 1 0 
18 338 7 11 2 0 0 0 1 1 
80 368 10 15 2 0 0 0 0 0 
279 405 10 13 2 0 0 0 0 0 
0--Parade/0_Parade_marchingband_1_905.jpg
17
155 324 23 17 2 0 0 0 1 0 
241 312 25 28 2 0 0 0 0 0 
335 291 25 21 2 0 1 0 0 0 
411 194 20 17 2 0 1 0 0 0 
420 302 21 25 2 0 0 0 0 0 
503 293 22 18 2 0 0 0 0 0 
450 364 29 28 2 0 0 0 0 0 
374 362 21 23 2 0 0 0 0 0 
275 389 25 19 2 0 1 0 0 0 
571 361 25 25 2 0 1 0 0 0 
586 290 21 17 2 0 0 0 0 0 
589 162 18 15 2 0 0 0 1 0 
664 309 17 16 2 0 0 0 0 0 
678 362 22 25 2 0 1 0 0 0 
739 306 21 20 2 0 0 0 0 0 
823 284 20 18 2 0 1 0 0 0 
503 32 24 29 2 0 0 0 0 0 
0--Parade/0_Parade_marchingband_1_82.jpg
58
335 62 15 19 2 0 0 0 0 0 
376 93 14 18 2 0 0 0 0 0 
407 137 15 20 2 0 0 0 0 0 
404 53 13 17 2 0 0 0 0 0 
321 59 13 16 2 0 0 0 0 0 
295 96 16 19 2 0 0 0 0 0 
273 54 14 18 2 0 0 0 0 0 
205 51 13 17 2 0 0 0 0 0 
227 68 14 18 2 0 0 0 0 0 
211 110 15 19 2 0 0 0 0 0 
311 146 15 20 2 0 0 0 0 0 
357 202 19 23 2 0 0 0 0 0 
289 202 18 23 2 0 0 0 0 0 
230 200 19 22 2 0 0 0 0 0 
417 70 14 14 2 0 0 0 0 0 
595 142 15 20 2 0 0 0 0 0 
541 89 14 17 2 0 0 0 0 0 
605 54 11 17 2 0 0 0 0 0 
588 67 14 17 2 0 0 0 0 0 
546 51 11 13 2 0 0 0 0 0 
501 65 14 19 2 0 0 0 0 0 
496 128 16 19 2 0 0 0 0 0 
455 89 14 18 2 0 0 0 0 0 
461 50 13 18 2 0 0 0 0 0 
561 193 17 23 2 0 0 0 0 0 
494 178 19 26 2 0 0 0 0 0 
780 89 15 19 2 0 0 0 0 0 
752 40 12 17 2 0 0 0 0 0 
737 65 12 17 2 0 0 0 0 0 
709 47 12 17 2 0 0 0 0 0 
656 47 12 18 2 0 0 0 0 0 
666 66 14 20 2 0 0 0 0 0 
704 92 15 20 2 0 0 0 0 0 
690 133 19 24 2 0 0 0 0 0 
628 85 17 21 2 0 0 0 0 0 
804 247 17 23 2 0 0 0 0 0 
811 206 17 24 2 0 0 0 0 0 
746 205 20 23 2 0 0 0 0 0 
731 249 23 29 2 0 0 0 0 0 
701 280 19 26 2 0 0 0 0 0 
638 261 19 28 2 0 0 0 0 0 
686 200 18 23 2 0 0 0 0 0 
624 192 20 24 2 0 0 0 0 0 
908 285 27 33 2 0 0 0 0 0 
107 268 20 25 2 0 0 0 0 0 
108 322 25 32 2 0 0 0 0 0 
185 252 23 29 2 0 0 0 0 0 
298 278 23 29 2 0 0 0 0 0 
268 247 22 27 2 0 0 0 0 0 
169 212 17 23 2 0 0 0 0 0 
429 196 18 26 2 0 0 0 0 0 
534 257 17 25 2 0 0 0 0 0 
478 282 22 28 2 0 0 0 0 0 
443 242 17 24 2 0 0 0 0 0 
393 301 22 30 2 0 0 0 0 0 
359 259 18 24 2 0 0 0 0 0 
577 288 23 29 2 0 0 0 0 0 
295 146 13 17 2 0 0 0 0 1 
0--Parade/0_Parade_marchingband_1_385.jpg
37
512 285 10 14 2 0 0 0 0 0 
823 342 18 20 2 0 0 0 1 0 
908 412 17 21 2 0 0 0 0 0 
865 498 23 27 2 0 0 0 0 0 
942 281 15 22 2 0 0 0 0 0 
621 368 11 20 2 0 0 0 0 0 
788 328 12 16 2 0 0 0 0 0 
748 285 13 17 2 0 0 0 0 0 
802 295 10 19 2 0 0 0 1 1 
696 161 14 15 2 0 0 0 0 0 
809 119 13 15 2 0 0 0 2 0 
851 168 13 13 2 0 0 0 0 1 
1010 179 13 15 2 0 0 0 0 0 
620 243 14 17 2 0 0 0 0 0 
512 145 14 16 2 0 0 0 0 0 
588 145 14 20 2 0 1 0 0 0 
392 265 13 19 2 0 0 0 1 0 
416 374 15 17 2 0 0 0 1 0 
479 347 10 16 2 0 0 0 1 0 
512 397 9 19 2 0 0 0 2 0 
575 479 21 25 2 0 0 0 0 0 
531 240 10 18 2 0 0 0 1 0 
320 311 19 18 2 0 0 0 0 0 
207 351 22 23 2 0 0 0 1 0 
237 498 23 30 2 0 0 0 0 0 
280 559 26 31 1 0 0 0 0 0 
177 278 18 21 2 0 0 0 0 0 
106 313 20 18 2 0 0 0 0 0 
132 262 14 19 2 0 0 0 1 0 
44 300 16 18 2 0 0 0 0 0 
33 186 14 18 2 0 0 0 0 1 
86 129 13 20 2 0 0 0 0 0 
192 159 15 14 2 0 0 0 1 0 
55 243 15 16 2 0 0 0 0 0 
489 335 12 11 2 0 0 0 2 0 
313 275 13 19 2 0 0 0 1 0 
92 187 11 14 2 0 0 0 1 1 
0--Parade/0_Parade_marchingband_1_112.jpg
18
842 180 27 35 2 0 0 0 0 0 
929 190 28 36 2 0 0 0 0 0 
818 80 24 29 2 0 0 0 1 0 
709 95 24 34 2 0 0 0 0 0 
695 187 24 33 2 0 0 0 0 0 
551 99 20 29 2 0 0 0 0 0 
497 176 26 40 2 0 0 0 0 0 
481 110 23 28 2 0 0 0 1 1 
20 80 22 30 2 0 0 0 0 0 
34 141 29 35 2 0 0 0 0 0 
115 104 21 29 2 0 0 0 1 0 
343 121 24 33 2 0 0 0 0 0 
305 154 27 38 2 0 0 0 0 0 
264 154 25 32 2 0 0 0 2 0 
210 77 21 26 2 0 0 0 1 0 
165 160 27 32 2 0 0 0 0 0 
431 253 29 48 1 0 0 0 0 0 
2 75 17 23 2 0 0 0 1 0 
0--Parade/0_Parade_Parade_0_188.jpg
174
992 349 11 15 2 0 0 0 0 0 
1009 356 9 12 2 0 0 0 0 0 
963 331 10 14 2 0 0 0 1 0 
999 303 11 15 2 0 0 0 0 0 
989 303 11 14 2 0 0 0 0 0 
945 300 11 15 2 0 0 0 0 0 
934 311 7 10 2 0 0 0 1 0 
876 333 14 16 2 0 0 0 0 0 
906 304 8 12 2 0 0 0 0 0 
878 291 10 14 2 0 0 0 0 0 
888 383 14 16 2 0 1 0 1 0 
811 383 13 18 2 0 0 0 1 0 
814 449 16 16 2 0 1 0 1 0 
763 375 16 20 2 0 1 0 0 0 
738 357 16 17 2 0 1 0 1 0 
779 314 12 14 2 0 0 0 1 0 
803 323 12 16 2 0 0 0 1 0 
843 332 13 16 2 0 0 0 2 0 
858 296 11 14 2 0 1 0 0 0 
837 294 13 15 2 0 0 0 0 0 
801 294 10 12 2 0 0 0 0 0 
777 282 11 14 2 0 0 0 1 0 
746 302 14 15 2 0 0 0 0 0 
754 289 12 15 2 0 0 0 2 0 
717 322 9 13 2 0 0 0 0 0 
674 382 13 19 2 1 0 0 1 0 
652 372 14 16 2 0 0 0 1 0 
607 355 14 17 2 0 0 0 2 0 
687 325 10 16 2 0 0 0 0 0 
698 300 10 15 2 0 0 0 0 0 
715 295 9 15 2 0 0 0 1 0 
624 295 16 15 2 0 0 0 0 0 
663 296 12 14 2 0 0 0 0 0 
569 294 11 12 2 0 0 0 0 0 
571 282 12 14 2 0 0 0 0 0 
614 307 12 15 2 0 0 0 0 0 
662 172 10 12 2 0 0 0 0 0 
752 182 9 12 2 0 0 0 2 0 
618 200 11 14 2 0 0 0 0 0 
643 201 8 11 2 0 0 0 2 0 
591 223 11 11 2 0 0 0 0 0 
606 215 11 14 2 0 1 0 1 0 
576 212 11 13 2 0 0 0 0 0 
570 235 9 10 2 0 0 0 0 0 
553 235 8 11 2 0 0 0 0 0 
555 207 10 13 2 0 0 0 0 0 
522 258 9 13 2 0 0 0 1 0 
536 251 8 12 2 0 0 0 2 0 
521 219 8 12 2 0 0 0 1 0 
503 210 10 12 2 0 0 0 0 0 
498 243 9 11 0 0 0 0 0 0 
512 272 8 11 2 0 0 0 0 0 
472 226 11 12 2 0 0 0 0 0 
453 224 12 13 2 0 0 0 0 0 
423 220 11 14 2 0 0 0 0 0 
440 173 12 12 2 0 0 0 1 0 
499 146 10 14 2 0 0 0 0 0 
540 155 10 15 2 0 0 0 1 0 
486 133 11 13 2 0 0 0 0 0 
529 110 10 13 2 0 0 0 0 0 
555 93 11 15 2 0 0 0 0 0 
582 96 10 14 2 0 0 0 0 0 
606 120 12 15 2 0 0 0 2 0 
431 257 12 14 2 0 0 0 0 0 
441 270 12 16 2 0 0 0 0 0 
471 275 10 13 2 0 0 0 0 0 
423 286 11 15 2 0 0 0 1 0 
396 273 10 12 2 0 0 0 1 0 
546 306 9 14 2 0 0 0 1 0 
411 318 11 15 2 0 1 0 1 0 
445 300 13 16 2 0 1 0 2 0 
390 344 15 17 2 0 1 0 1 0 
529 382 14 19 2 0 1 0 1 0 
493 392 18 23 2 0 1 0 1 0 
414 410 14 18 2 0 0 0 0 0 
390 449 17 19 2 0 1 0 1 0 
412 391 14 18 2 0 1 0 2 0 
428 371 14 19 2 0 1 0 1 0 
363 358 15 18 2 0 0 0 1 0 
331 407 14 17 2 0 0 0 0 0 
316 384 16 17 2 0 1 0 1 0 
342 373 15 17 2 0 0 0 2 0 
301 344 14 16 2 0 0 0 1 0 
488 296 11 15 2 0 0 0 1 0 
483 286 10 15 2 0 0 0 2 0 
382 315 12 17 2 0 0 0 1 0 
334 296 13 18 2 0 0 0 0 0 
342 288 10 11 2 0 0 0 2 0 
344 269 11 14 2 0 0 0 0 0 
321 274 10 14 2 0 0 0 0 0 
374 274 10 14 2 0 1 0 1 0 
552 365 15 17 2 0 1 0 1 0 
541 351 14 17 2 0 0 0 2 0 
208 402 15 19 2 0 1 0 1 0 
236 360 16 23 2 0 1 0 1 0 
271 356 13 20 2 0 0 0 2 0 
257 335 14 20 2 0 0 0 1 0 
293 314 15 20 2 0 0 0 1 0 
181 368 14 18 2 0 1 0 1 0 
128 374 14 18 2 0 1 0 0 0 
80 390 17 20 2 0 1 0 0 0 
18 379 16 20 2 0 1 0 0 0 
52 344 15 17 2 0 1 0 1 0 
98 323 13 17 2 0 1 0 1 0 
122 330 14 20 2 0 1 0 1 0 
144 330 13 18 2 0 0 0 1 0 
166 330 13 15 2 0 0 0 1 0 
211 340 14 18 2 0 0 0 1 0 
250 314 13 17 2 0 1 0 2 0 
199 308 14 19 2 0 0 0 2 0 
0 321 9 13 2 0 0 0 1 0 
37 296 12 15 2 0 1 0 1 0 
88 290 9 13 2 0 0 0 0 0 
108 274 11 12 2 0 0 0 0 0 
82 274 10 12 2 0 0 0 0 0 
59 269 11 11 2 0 0 0 0 1 
51 283 10 13 2 0 1 0 2 0 
240 270 11 16 2 0 0 0 0 0 
443 369 14 17 2 0 0 0 2 0 
601 314 10 16 2 0 0 0 1 0 
221 258 10 11 2 0 0 0 2 0 
202 258 9 13 2 0 0 0 0 0 
179 254 11 13 2 0 0 0 0 0 
163 246 10 11 2 0 0 0 0 0 
145 248 9 13 2 0 0 0 0 0 
105 247 10 12 2 0 0 0 0 0 
79 247 11 12 2 0 0 0 0 0 
112 232 8 11 2 0 0 0 0 0 
126 213 10 13 2 0 0 0 0 0 
147 216 11 13 2 0 0 0 0 0 
200 209 12 15 2 0 0 0 1 0 
230 214 9 11 2 0 0 0 0 0 
254 198 11 12 2 0 0 0 1 0 
283 212 11 13 2 0 0 0 2 0 
283 198 10 13 2 0 0 0 1 0 
325 198 10 14 2 0 0 0 0 0 
350 194 9 14 2 0 0 0 2 0 
370 170 9 13 2 0 0 0 2 0 
324 156 11 15 2 0 0 0 0 0 
287 169 10 11 2 0 1 0 0 0 
257 161 11 14 2 0 0 0 0 0 
194 179 9 12 2 0 0 0 0 0 
178 173 11 11 2 0 0 0 2 0 
145 175 10 10 2 0 0 0 1 0 
182 225 10 13 2 0 0 0 0 0 
219 176 10 14 2 0 0 0 1 0 
314 226 10 13 2 0 0 0 0 0 
251 231 8 13 2 0 1 0 1 0 
269 245 11 15 2 0 1 0 2 0 
137 267 11 12 2 0 0 0 0 0 
63 166 10 12 2 0 0 0 1 0 
43 197 10 12 2 0 1 0 2 0 
104 139 10 11 2 0 0 0 2 0 
36 168 11 12 2 0 0 0 1 0 
14 164 12 11 2 0 0 0 0 0 
0 197 8 11 2 0 1 0 1 0 
58 84 11 13 2 0 0 0 1 0 
604 444 15 17 2 0 0 0 1 0 
558 454 15 19 2 0 0 0 1 0 
70 361 16 22 2 0 1 0 2 0 
73 319 15 19 2 0 0 0 2 0 
660 279 9 14 2 0 0 0 2 0 
488 235 7 11 2 0 0 0 2 0 
391 259 10 12 2 0 0 0 2 0 
352 255 9 13 2 0 0 0 1 0 
539 300 9 12 2 0 0 0 1 0 
832 44 12 14 2 0 0 0 2 1 
723 309 17 19 2 0 0 0 2 0 
817 323 9 14 2 0 0 0 0 0 
220 245 10 12 2 0 0 0 1 0 
283 237 9 11 2 0 0 0 2 0 
279 240 8 8 2 0 0 0 2 0 
1014 378 8 13 2 0 0 0 1 0 
202 164 11 14 2 0 0 0 0 0 
0--Parade/0_Parade_Parade_0_883.jpg
1
532 168 219 287 0 0 0 0 0 0 
0--Parade/0_Parade_marchingband_1_873.jpg
1
439 182 185 254 0 0 0 0 0 0 
0--Parade/0_Parade_Parade_0_516.jpg
27
21 292 18 24 2 0 0 0 0 0 
62 286 45 60 1 0 1 0 0 0 
111 280 15 26 2 0 0 0 0 0 
171 252 22 30 2 0 0 0 0 0 
176 286 21 35 2 0 0 0 1 0 
196 313 40 51 1 0 0 0 0 0 
213 280 22 26 2 0 0 0 2 0 
251 271 9 11 2 0 0 0 0 0 
263 299 19 25 1 0 0 0 0 0 
259 284 13 17 2 0 0 0 1 0 
303 307 61 75 0 0 0 0 0 0 
391 277 17 22 2 0 0 0 1 0 
388 256 16 20 2 0 0 0 2 0 
444 266 20 28 2 0 0 0 0 0 
417 267 9 10 2 0 0 0 1 0 
301 271 10 13 2 0 0 0 0 0 
492 272 44 58 1 0 1 0 0 0 
569 273 32 49 1 0 0 0 0 0 
624 275 11 17 2 0 0 0 2 0 
647 278 19 29 2 0 1 0 0 0 
664 328 45 56 1 0 0 0 0 0 
705 242 38 56 1 0 0 0 0 0 
743 294 24 37 1 0 0 0 2 0 
895 312 56 86 1 0 0 0 0 0 
944 252 32 45 1 0 0 0 1 0 
1007 278 17 25 2 0 0 0 2 0 
981 279 20 26 2 0 0 0 2 0 
0--Parade/0_Parade_marchingband_1_242.jpg
19
22 401 14 17 2 0 0 0 2 0 
273 440 24 23 2 0 0 0 0 0 
327 364 9 15 2 0 0 0 2 0 
194 507 22 24 2 0 0 0 2 0 
323 237 39 60 1 0 1 0 0 0 
440 401 15 17 2 0 0 0 0 0 
394 365 9 13 2 0 0 0 1 0 
492 355 11 14 2 0 0 0 0 0 
545 352 14 17 2 0 0 0 0 0 
420 549 30 38 2 0 0 0 1 0 
341 566 31 36 2 0 0 0 2 0 
240 332 7 9 2 0 0 0 2 0 
782 392 13 17 2 0 0 0 1 0 
797 421 17 21 2 0 0 0 2 0 
796 441 17 26 2 0 0 0 0 0 
839 355 17 19 2 0 0 0 1 0 
927 354 15 15 2 0 0 0 2 1 
970 353 14 16 2 0 0 0 1 0 
58 358 9 12 2 0 0 0 0 0 
0--Parade/0_Parade_marchingband_1_925.jpg
1
273 327 276 372 0 0 0 0 0 0 
0--Parade/0_Parade_Parade_0_332.jpg
3
398 540 210 282 0 0 0 0 1 0 
599 810 47 64 0 0 0 0 0 0 
863 932 23 36 1 0 0 0 0 0 
0--Parade/0_Parade_marchingband_1_377.jpg
88
873 111 12 13 2 0 0 0 1 1 
804 97 19 23 2 0 0 0 0 0 
780 107 11 18 2 0 0 0 0 0 
761 90 13 10 2 0 0 0 1 1 
791 84 9 9 2 0 0 0 1 0 
788 96 11 16 2 0 0 0 1 0 
853 77 8 14 2 0 0 0 0 0 
835 105 12 14 2 0 0 0 1 0 
934 113 15 22 2 0 0 0 0 0 
770 49 5 6 2 0 0 0 2 0 
790 53 5 6 2 0 0 0 0 1 
802 53 5 7 2 0 0 0 2 0 
836 61 6 7 2 0 0 0 1 0 
865 44 7 6 0 0 0 1 0 0 
888 53 7 6 2 0 0 0 1 0 
920 66 6 11 2 0 0 0 1 0 
942 75 8 9 2 0 0 0 1 0 
980 69 7 7 2 0 1 0 0 0 
1000 46 5 9 2 0 1 1 2 0 
991 84 6 9 2 0 0 0 1 0 
934 101 10 10 2 0 0 0 2 0 
839 80 7 9 2 0 0 0 1 0 
891 118 6 8 2 0 0 0 0 1 
800 67 5 9 2 0 0 0 2 0 
900 95 6 9 2 0 0 0 1 1 
863 72 5 9 2 0 0 0 2 0 
817 54 5 7 2 0 0 0 2 0 
820 75 6 9 2 0 0 0 2 0 
47 27 7 8 2 0 0 0 2 0 
25 26 6 8 2 0 0 0 1 0 
7 55 7 10 2 0 0 0 0 0 
32 66 8 10 2 0 0 0 0 0 
78 31 5 6 0 0 0 0 0 0 
74 76 6 7 2 0 0 0 1 0 
648 42 6 9 2 0 0 0 0 0 
485 119 36 52 1 0 0 0 0 0 
281 127 39 51 1 0 0 0 0 0 
672 362 44 45 1 0 0 0 0 0 
884 373 50 47 1 0 0 0 0 1 
551 497 59 65 0 0 1 0 0 0 
419 466 66 68 0 0 1 0 0 0 
510 367 49 56 1 0 0 0 0 0 
231 385 47 51 1 0 0 0 0 0 
417 354 51 57 1 0 0 0 0 0 
721 112 32 38 1 0 0 0 0 0 
547 135 30 31 1 0 0 0 0 0 
364 143 34 33 1 0 0 0 0 0 
65 109 31 35 1 0 0 0 0 0 
160 94 22 28 2 0 0 0 0 0 
119 95 17 19 2 0 0 0 0 0 
215 88 18 21 2 0 0 0 0 0 
182 100 18 19 2 0 0 0 1 0 
249 84 21 23 2 0 0 0 0 0 
297 100 20 20 2 0 0 0 0 0 
333 107 19 17 2 0 0 0 2 0 
319 131 23 29 2 0 0 0 2 0 
377 99 20 17 2 0 0 0 1 0 
403 117 19 19 2 0 0 0 2 0 
457 109 22 22 2 0 0 0 0 0 
464 73 22 26 2 0 0 0 0 0 
543 79 19 20 2 0 0 0 0 0 
528 123 18 19 2 0 0 0 1 0 
594 117 21 22 2 0 0 0 0 0 
153 53 7 9 2 0 0 0 1 0 
100 28 5 7 2 0 0 0 1 0 
105 54 7 8 2 0 0 0 2 0 
177 62 7 8 2 0 0 0 2 0 
144 89 7 10 2 0 0 0 0 0 
292 75 7 7 2 0 0 0 0 0 
320 56 6 10 2 0 0 0 0 0 
366 51 7 8 2 0 0 0 0 0 
410 67 6 7 2 0 0 0 0 0 
444 73 6 9 2 0 0 0 1 0 
427 104 8 8 2 0 0 1 1 0 
648 69 8 9 2 0 0 1 2 0 
685 73 14 18 2 1 0 0 0 0 
702 101 16 16 2 0 0 0 0 0 
578 34 6 7 2 0 0 0 1 0 
479 40 5 7 2 0 0 0 2 0 
524 48 5 6 0 0 0 1 0 0 
726 79 10 11 2 0 0 0 0 1 
734 47 5 8 2 0 0 0 0 0 
743 52 5 6 2 0 0 0 0 0 
740 76 8 9 2 0 0 0 2 0 
707 78 6 8 2 0 0 0 2 0 
524 59 8 8 2 0 0 0 2 0 
956 123 19 25 2 0 0 0 0 0 
995 113 11 15 2 0 0 0 0 0 
0--Parade/0_Parade_Parade_0_132.jpg
36
6 222 41 52 0 0 1 0 0 0 
82 256 29 38 1 0 0 0 0 0 
69 251 24 28 2 0 0 0 2 0 
222 298 29 36 0 0 0 0 0 0 
247 307 18 25 1 0 0 0 1 0 
307 364 31 40 0 0 0 0 0 0 
296 322 26 30 1 0 0 0 1 0 
317 284 25 26 1 0 0 0 0 0 
386 333 28 37 0 0 0 0 0 0 
424 366 31 41 0 1 1 0 0 0 
390 250 9 25 1 0 0 0 2 1 
467 290 10 17 2 0 0 0 0 1 
496 261 14 23 1 0 0 0 0 0 
579 315 38 46 0 0 0 0 0 0 
528 317 27 37 0 0 0 0 0 0 
551 304 26 35 0 0 0 0 1 0 
498 304 18 26 1 0 0 0 2 0 
490 336 17 21 1 0 0 0 0 1 
538 254 20 28 1 0 0 0 0 0 
556 246 24 36 0 0 1 0 0 0 
637 298 28 31 0 0 0 0 0 0 
620 309 15 18 1 0 0 0 2 0 
669 310 31 40 0 0 0 0 2 0 
719 312 20 30 1 0 0 0 2 0 
687 247 13 21 1 0 0 0 0 0 
766 246 13 19 1 0 0 0 1 0 
767 296 30 41 1 0 0 0 0 0 
789 259 24 30 1 0 0 0 1 0 
827 246 17 21 1 0 1 0 0 0 
867 245 27 29 0 0 0 0 0 0 
867 338 28 28 1 0 0 0 0 1 
906 253 18 26 1 0 1 0 0 0 
719 263 11 11 2 0 0 0 2 0 
777 249 12 21 1 0 1 0 1 0 
929 153 36 57 0 0 1 0 0 0 
577 241 17 28 1 0 0 0 2 0 
0--Parade/0_Parade_Parade_0_233.jpg
7
818 208 66 70 0 0 0 0 0 0 
714 216 66 75 0 0 0 0 0 0 
564 214 58 67 0 0 0 0 0 0 
400 271 69 74 0 0 0 0 0 0 
235 257 69 71 0 0 0 0 0 0 
88 224 69 79 0 0 0 0 0 0 
845 7 33 32 1 0 0 0 1 0 
0--Parade/0_Parade_Parade_0_439.jpg
11
941 221 17 37 2 0 0 0 0 1 
962 253 17 20 2 0 1 0 0 0 
581 249 10 19 2 0 1 0 0 1 
552 267 9 14 2 0 1 0 0 1 
542 254 10 15 2 1 1 0 1 0 
457 321 28 32 1 0 0 0 0 0 
361 324 20 26 2 0 0 0 0 0 
244 295 8 11 2 0 0 0 0 0 
40 300 11 17 2 0 0 0 0 0 
32 293 12 22 2 0 0 0 0 1 
267 91 19 29 2 0 0 0 0 0 
0--Parade/0_Parade_Parade_0_507.jpg
394
24 30 8 9 2 0 0 0 2 0 
47 28 7 8 2 0 0 0 0 0 
66 32 7 8 2 0 0 0 2 0 
65 23 4 4 2 0 0 1 0 0 
18 71 7 7 2 0 0 0 0 0 
7 128 7 10 2 0 0 0 0 0 
30 123 8 10 0 0 0 0 0 0 
57 137 8 13 2 0 0 0 0 0 
78 129 7 10 2 0 0 0 0 0 
93 128 8 11 2 0 0 0 1 0 
97 118 9 9 2 0 0 0 0 0 
84 65 8 9 2 0 0 0 1 0 
91 64 7 9 2 0 0 0 1 0 
7 164 8 10 2 0 0 0 0 0 
28 162 8 11 2 0 0 0 1 0 
22 179 9 11 2 0 0 0 0 0 
48 181 6 8 2 0 0 0 0 0 
63 181 7 11 2 0 0 0 2 0 
77 189 7 9 2 0 0 0 2 0 
78 202 9 9 2 0 0 0 2 0 
26 196 8 8 2 0 0 0 1 0 
25 209 9 11 2 0 0 0 1 0 
3 214 6 6 2 0 0 0 0 0 
40 232 7 9 2 0 0 0 0 0 
18 256 10 13 2 0 0 0 0 0 
31 266 7 9 2 0 0 0 2 0 
65 256 6 7 2 0 0 0 2 0 
35 322 8 9 2 0 0 0 0 0 
31 284 8 7 2 0 0 0 2 0 
105 266 7 8 2 0 0 0 2 0 
90 262 9 8 2 0 0 0 2 0 
120 256 7 10 2 0 0 0 2 0 
109 242 6 10 2 0 0 0 1 0 
89 240 8 9 2 0 0 0 1 0 
110 204 9 11 2 0 0 0 2 0 
127 192 8 12 2 0 0 0 0 0 
115 177 9 13 2 0 0 0 0 0 
151 191 8 11 2 0 0 0 0 0 
149 175 5 6 2 0 0 0 2 0 
192 188 9 9 2 0 0 0 0 0 
194 172 7 10 2 0 0 0 0 0 
165 141 8 8 2 0 0 0 1 0 
186 131 11 10 2 0 0 0 0 0 
207 136 7 11 2 0 0 0 1 0 
226 141 7 8 2 0 0 0 0 0 
217 131 7 7 2 0 0 0 0 0 
144 129 8 7 2 0 0 0 0 0 
123 132 8 8 2 0 0 0 0 0 
123 112 8 9 2 0 0 0 1 0 
157 108 8 9 2 0 0 0 0 0 
141 88 7 6 2 0 0 0 1 0 
126 93 6 10 2 0 0 0 1 0 
177 85 8 9 2 0 0 0 0 0 
183 77 7 6 2 0 0 0 2 0 
158 91 6 6 2 0 0 1 1 1 
149 50 6 7 2 0 0 0 1 0 
158 49 6 10 2 0 0 0 1 0 
211 40 8 11 2 0 0 0 0 0 
226 84 7 8 2 0 0 0 2 0 
243 67 8 11 2 0 0 0 0 0 
241 49 8 10 2 0 0 0 0 0 
257 45 8 10 2 0 0 0 0 0 
240 33 7 8 2 0 0 0 1 0 
263 79 6 4 2 0 0 1 0 0 
258 89 8 11 2 0 0 0 0 0 
242 94 5 4 2 0 0 0 2 0 
279 88 7 5 2 0 0 0 2 0 
274 66 7 7 2 0 0 0 1 0 
296 39 6 9 2 0 0 0 1 0 
326 70 8 7 2 0 0 0 1 0 
334 39 6 6 2 0 0 0 0 1 
353 35 7 9 2 0 0 0 0 0 
348 54 7 8 2 0 0 0 0 0 
297 92 9 9 2 0 0 0 2 0 
325 97 7 7 2 0 0 0 0 1 
323 121 7 8 2 0 0 0 1 0 
327 117 7 7 2 0 0 0 2 0 
303 143 9 8 2 0 0 0 1 0 
327 136 8 9 2 0 0 0 0 0 
320 173 5 7 2 0 0 0 1 0 
320 156 7 8 2 0 0 0 1 1 
259 168 8 9 2 0 0 0 1 0 
229 192 8 11 2 0 0 0 0 0 
244 144 7 7 2 0 0 1 0 0 
225 214 7 7 2 0 0 0 2 0 
214 220 8 9 2 0 0 0 1 0 
222 244 8 7 2 0 0 0 1 0 
225 256 7 9 2 0 0 0 1 0 
218 277 8 7 2 0 0 0 2 0 
228 301 6 8 2 0 0 0 1 0 
239 290 9 9 2 0 0 0 1 0 
245 309 6 11 2 0 0 0 2 0 
232 320 8 10 2 0 0 0 1 0 
168 323 9 6 2 0 0 0 1 0 
134 321 9 11 2 0 0 0 2 0 
116 318 9 8 2 0 0 0 1 1 
178 293 8 9 2 0 0 0 0 0 
210 293 8 9 1 0 0 0 2 0 
202 289 9 9 2 0 0 0 0 0 
188 265 8 11 2 0 0 0 0 0 
175 231 7 12 2 0 0 0 1 0 
176 207 8 9 2 0 0 0 0 0 
161 215 8 11 2 0 0 0 0 0 
154 233 7 12 2 0 0 0 2 0 
256 184 7 11 2 0 0 0 2 0 
283 240 10 12 2 0 0 0 1 0 
262 262 6 13 2 0 0 0 0 1 
307 220 11 14 2 0 0 0 0 0 
316 207 9 10 2 0 0 0 2 0 
346 220 8 9 2 0 0 0 2 0 
351 238 9 10 2 0 0 0 2 0 
359 239 9 12 2 0 0 0 2 0 
340 255 10 14 2 0 0 0 0 0 
386 259 10 12 2 0 0 0 0 0 
411 257 9 13 2 0 0 0 0 0 
433 204 8 9 2 0 0 0 1 0 
466 212 8 11 2 0 0 0 2 0 
482 211 8 13 2 0 0 0 2 0 
414 219 10 11 2 0 0 0 2 0 
410 190 8 12 2 0 0 0 0 0 
377 198 9 10 2 0 0 0 1 0 
378 187 8 8 2 0 0 0 0 0 
360 179 8 6 2 0 0 0 2 0 
365 145 7 9 2 0 0 0 0 0 
362 156 6 7 2 0 0 0 1 0 
370 142 6 9 2 0 0 0 2 0 
387 138 7 10 2 0 0 0 0 0 
406 134 8 10 2 0 0 0 1 0 
407 123 9 11 2 0 0 0 1 0 
383 126 8 8 2 0 0 0 1 0 
390 115 7 10 2 0 0 0 1 0 
367 126 7 8 2 0 0 0 1 0 
353 115 9 9 2 0 0 0 1 0 
368 72 9 9 2 0 0 0 0 0 
406 85 7 7 2 0 0 0 1 0 
410 64 7 8 2 0 0 0 1 0 
418 37 6 8 2 0 0 0 1 0 
393 57 7 7 2 0 0 0 2 0 
387 44 7 9 2 0 0 0 1 0 
449 55 8 7 2 0 0 0 1 0 
434 82 8 9 2 0 0 0 1 0 
462 64 7 6 2 0 0 1 2 0 
457 42 7 9 2 0 0 0 2 0 
486 43 7 8 2 0 0 0 0 0 
442 92 7 8 2 0 0 0 2 0 
450 94 6 6 2 0 0 0 2 0 
452 106 7 6 2 0 0 0 1 0 
429 115 9 10 2 0 0 0 1 0 
466 126 10 8 2 0 0 0 0 0 
484 106 7 8 2 0 0 0 1 0 
476 139 8 8 2 0 0 0 1 0 
421 151 8 9 2 0 0 0 2 0 
128 276 8 8 2 0 0 0 2 0 
513 52 9 8 2 0 0 0 1 0 
545 39 7 7 2 0 0 0 2 0 
519 66 5 7 2 0 0 0 2 0 
542 76 6 8 2 0 0 0 2 0 
533 67 6 8 2 0 0 0 2 0 
535 85 5 8 2 0 0 0 1 0 
517 88 7 8 2 0 0 0 1 0 
538 119 8 11 2 0 0 0 0 0 
509 132 8 8 2 0 0 0 1 1 
538 134 8 11 2 0 0 0 0 0 
555 134 10 8 2 1 0 0 0 0 
562 117 7 7 2 0 0 0 2 0 
567 108 7 5 2 0 0 0 2 0 
567 97 4 7 2 0 0 0 2 0 
571 83 7 8 2 0 0 0 1 0 
561 77 7 9 2 0 0 0 1 0 
568 69 7 7 2 0 0 0 1 0 
576 61 7 8 2 0 0 0 1 0 
590 72 8 7 2 0 0 0 2 0 
593 97 7 6 2 0 0 0 1 0 
620 86 7 8 2 0 0 0 2 0 
612 66 7 8 2 0 0 0 1 0 
630 82 6 8 2 0 0 0 0 0 
592 121 6 4 2 0 0 0 2 0 
623 128 6 5 2 0 0 0 2 0 
625 120 7 5 2 0 0 0 2 1 
640 117 9 8 2 0 0 0 1 0 
649 99 9 10 2 0 0 0 1 0 
670 100 7 7 2 0 0 0 1 0 
681 83 6 7 2 0 0 0 1 0 
685 66 6 8 2 0 0 0 1 0 
687 52 5 6 2 0 0 0 1 0 
672 38 9 10 2 0 0 0 0 0 
651 72 7 10 2 0 0 0 2 0 
653 86 7 8 2 0 0 0 1 0 
649 129 7 10 2 0 0 0 0 0 
662 139 7 10 2 0 0 0 0 0 
690 153 7 8 2 0 0 0 1 0 
648 169 7 8 2 1 0 0 0 0 
610 148 8 11 2 0 0 0 0 0 
592 139 6 7 2 0 0 0 1 0 
588 156 8 10 2 0 0 0 0 0 
569 144 8 9 2 0 0 0 1 0 
555 145 6 7 2 0 0 0 2 0 
539 149 5 7 2 0 0 0 0 0 
553 185 7 7 2 0 0 0 2 0 
552 205 8 11 2 0 0 0 1 0 
576 192 6 8 2 0 0 0 0 0 
574 166 4 6 2 0 0 1 2 0 
581 158 3 6 2 0 0 0 1 0 
560 232 7 9 2 0 0 0 0 0 
561 246 6 11 2 0 0 0 0 0 
524 217 10 12 2 0 0 0 0 0 
513 260 8 11 2 0 0 0 1 0 
501 278 8 11 2 0 0 0 0 0 
516 281 12 11 2 0 0 0 0 0 
659 225 9 9 2 0 0 0 2 0 
657 245 7 8 2 0 0 0 1 1 
650 246 7 8 2 0 0 0 2 0 
698 243 7 10 2 0 0 0 0 0 
714 248 7 9 2 0 0 0 0 0 
708 269 8 9 2 0 0 0 1 0 
731 236 8 9 2 0 0 0 1 0 
727 213 8 10 2 0 0 0 0 0 
710 223 6 9 2 0 0 0 0 0 
686 190 7 12 2 0 0 0 0 0 
712 140 8 9 2 0 0 0 1 0 
698 141 6 10 2 0 0 0 0 0 
710 121 7 11 2 0 0 0 0 0 
698 126 8 7 2 0 0 0 1 0 
708 103 8 10 2 0 0 0 1 0 
715 94 7 9 2 0 0 0 2 0 
743 113 7 11 2 0 0 0 0 0 
738 132 6 8 2 0 0 0 0 0 
734 150 9 9 2 0 0 0 0 0 
750 162 6 9 2 0 0 0 0 0 
759 173 6 8 2 0 0 0 2 0 
758 137 7 9 2 0 0 0 2 0 
772 112 7 12 2 1 0 0 0 0 
748 205 8 9 2 0 0 0 1 0 
765 217 8 11 2 0 0 0 0 0 
793 278 9 15 2 0 0 0 2 0 
804 244 8 10 2 0 0 0 0 0 
797 255 8 13 2 0 0 0 2 0 
822 227 8 13 2 0 0 0 0 0 
845 254 6 7 2 0 0 0 1 0 
910 246 7 8 2 0 0 0 2 0 
918 250 9 11 2 0 0 0 0 0 
909 205 6 10 2 0 0 0 0 0 
916 184 6 11 2 0 0 0 0 0 
847 202 8 8 2 0 0 0 2 0 
854 178 9 14 2 0 0 0 0 0 
866 193 7 13 2 0 0 0 0 0 
831 176 7 8 2 0 0 0 2 0 
826 168 8 8 2 0 0 0 0 0 
809 179 6 10 2 0 0 0 0 0 
807 161 8 9 2 0 0 0 0 0 
814 150 8 8 2 0 0 0 0 0 
828 127 7 10 2 0 0 0 2 0 
854 129 8 8 2 0 0 0 2 0 
873 126 9 12 2 0 0 0 0 0 
863 92 8 8 2 0 0 0 1 0 
864 80 5 6 2 0 0 0 2 0 
886 98 5 8 2 0 0 0 1 0 
895 101 8 8 2 0 0 0 0 0 
895 128 7 7 2 0 0 0 2 0 
908 154 8 9 2 0 0 0 0 0 
930 106 5 10 2 0 0 0 2 0 
906 43 7 7 2 0 0 0 2 0 
909 126 8 9 2 0 0 0 1 0 
835 111 9 10 2 0 0 0 2 0 
805 114 6 6 2 0 0 0 2 0 
802 141 7 7 2 0 0 0 1 0 
768 99 7 7 2 0 0 0 1 0 
784 87 6 7 2 0 0 0 1 0 
768 81 7 8 2 0 0 0 1 0 
761 71 8 10 2 0 0 0 0 0 
773 55 8 11 2 0 0 0 0 0 
743 53 9 10 2 0 0 0 0 0 
794 60 8 8 2 0 0 0 1 0 
813 54 7 7 2 0 0 0 2 0 
794 75 7 8 2 0 0 0 0 0 
520 98 6 9 2 0 0 0 2 0 
854 146 7 10 2 0 0 0 0 0 
788 181 9 9 2 0 0 0 0 0 
874 302 8 10 2 0 0 0 0 0 
667 281 8 13 2 0 0 0 1 0 
628 140 8 8 2 0 0 0 2 0 
949 61 7 9 2 0 0 0 0 0 
964 82 9 11 2 0 0 0 0 0 
997 84 6 6 2 0 0 0 2 0 
999 100 5 5 2 0 0 0 1 0 
1005 123 6 8 2 0 0 0 2 0 
1011 130 8 8 2 0 0 0 2 0 
993 148 7 6 2 0 0 1 2 0 
976 146 6 6 2 0 0 1 2 0 
980 156 5 8 2 0 0 0 2 0 
995 173 8 9 2 0 0 0 1 0 
982 182 5 6 2 0 0 0 2 0 
972 181 8 9 2 0 0 0 1 0 
998 222 8 9 2 0 0 0 1 0 
1011 242 6 9 2 0 0 0 0 0 
993 250 6 6 2 0 0 0 2 0 
992 265 9 9 2 0 0 0 1 0 
960 221 7 8 2 0 0 0 1 0 
960 211 8 8 2 0 0 0 0 0 
947 187 5 6 2 0 0 0 1 0 
956 183 6 8 2 0 0 0 2 1 
931 179 9 11 2 0 0 0 0 0 
941 161 8 11 2 0 0 0 0 0 
962 168 8 6 2 0 0 0 2 0 
940 135 8 8 2 0 0 0 0 0 
941 114 9 11 2 0 0 0 0 0 
953 263 6 9 2 0 0 0 1 0 
970 265 6 8 2 0 0 0 1 0 
931 276 9 11 2 0 0 0 0 0 
941 279 8 11 2 0 0 0 0 0 
953 301 5 6 2 0 0 0 2 0 
971 323 9 8 2 0 0 0 0 0 
1003 348 4 8 2 0 0 0 2 0 
1013 341 5 9 2 0 0 0 1 0 
983 368 7 8 2 0 0 0 1 0 
983 356 8 7 2 0 0 0 2 0 
968 380 9 11 2 1 0 0 0 0 
976 395 9 12 2 0 0 0 2 0 
1003 410 6 9 2 0 0 0 2 0 
940 382 9 12 2 0 0 0 0 0 
941 362 9 10 2 0 0 0 2 0 
927 377 8 12 2 0 0 0 1 0 
914 357 9 12 2 0 0 0 0 0 
921 343 6 6 2 0 0 0 2 0 
905 350 9 12 2 0 0 0 1 0 
929 355 9 9 2 0 0 0 2 0 
941 337 7 11 2 0 0 0 0 0 
949 344 7 12 2 0 0 0 0 0 
943 305 6 10 2 0 0 0 2 0 
899 183 5 12 2 0 0 0 2 0 
911 167 6 7 2 0 0 0 0 0 
995 389 7 10 2 0 0 0 2 0 
944 411 7 12 2 0 0 0 2 0 
1000 106 6 9 2 0 0 0 2 0 
854 74 6 9 2 0 0 0 2 0 
952 147 6 8 2 0 0 0 0 0 
904 372 10 13 2 0 0 0 2 0 
493 267 7 10 2 0 0 0 0 0 
576 310 9 9 2 0 0 0 1 0 
698 319 13 13 2 0 0 0 2 0 
747 329 11 13 2 0 0 0 2 0 
341 463 8 14 2 0 0 0 0 0 
491 474 10 13 2 0 0 0 2 0 
624 474 9 14 2 0 0 0 0 0 
719 482 8 10 2 0 0 0 0 0 
29 349 6 11 2 0 0 0 2 0 
52 352 7 8 2 0 0 0 2 0 
112 356 7 10 2 0 0 0 1 0 
144 344 6 8 2 0 0 0 2 0 
202 333 10 9 2 0 0 0 0 0 
241 351 7 9 2 0 0 0 2 0 
243 342 8 8 2 0 0 0 2 0 
235 338 8 10 2 0 0 0 0 0 
60 320 9 8 2 0 0 0 2 0 
73 424 8 9 2 0 0 0 2 0 
30 481 11 12 2 0 0 0 1 0 
234 459 6 9 2 0 0 0 1 0 
959 462 9 11 2 0 0 0 0 0 
990 487 8 8 2 0 0 0 2 0 
999 659 7 12 2 0 0 0 2 0 
540 551 7 12 2 0 0 0 2 0 
191 518 7 11 2 0 0 0 2 0 
762 273 9 12 2 0 0 0 1 0 
829 244 8 9 2 0 0 0 1 0 
828 252 8 13 2 0 0 0 2 0 
821 282 9 11 2 0 0 0 1 0 
806 227 6 10 2 0 0 0 2 0 
221 496 10 13 2 0 0 0 2 0 
6 523 12 18 2 0 0 0 2 0 
1 544 8 11 2 0 0 0 1 0 
54 512 11 15 2 0 0 0 1 0 
38 539 9 14 2 0 0 0 2 0 
127 367 9 10 2 0 0 0 2 0 
73 346 9 8 2 0 0 0 2 0 
63 277 8 8 2 0 0 0 1 0 
71 290 9 11 2 0 0 0 2 0 
43 286 7 7 2 0 0 0 2 0 
56 299 7 10 2 0 0 0 0 0 
31 301 9 9 2 0 0 0 0 0 
8 301 9 10 2 0 0 0 1 0 
86 85 7 10 2 0 0 0 2 0 
129 125 6 10 2 0 0 0 1 0 
141 114 6 8 2 0 0 0 0 0 
492 97 6 6 2 0 0 0 2 0 
498 121 7 7 2 0 0 0 0 0 
448 128 7 11 2 0 0 0 1 0 
460 157 7 8 2 0 0 0 0 0 
456 169 6 7 2 0 0 0 0 0 
478 154 7 8 2 0 0 0 1 0 
440 183 7 6 2 0 0 0 0 0 
511 144 7 9 2 0 0 0 2 0 
498 152 7 9 2 0 0 0 1 0 
296 82 6 8 1 0 0 1 2 0 
659 55 8 9 2 0 0 1 0 1 
0--Parade/0_Parade_marchingband_1_218.jpg
10
95 156 38 37 1 0 1 0 1 0 
272 156 33 29 2 0 0 0 1 0 
197 171 47 40 2 0 0 0 2 1 
434 142 53 44 1 0 1 0 1 0 
492 160 49 35 2 0 1 0 1 0 
772 184 45 36 1 0 1 0 1 0 
819 140 38 36 2 0 1 0 1 0 
973 166 41 38 2 0 1 0 0 0 
241 88 12 13 2 0 0 0 0 0 
111 92 13 14 2 0 0 0 0 0 
0--Parade/0_Parade_marchingband_1_126.jpg
51
880 302 13 18 2 0 0 0 0 0 
856 305 7 9 2 0 0 0 1 0 
839 294 9 9 2 0 0 0 1 0 
934 279 20 29 1 0 0 0 0 0 
873 217 10 10 2 0 0 0 1 0 
847 220 7 8 2 0 0 0 2 0 
815 278 6 10 2 0 0 0 0 0 
922 259 8 11 2 0 0 0 1 0 
734 277 18 22 2 0 0 0 2 0 
664 308 12 13 2 0 0 0 1 0 
676 298 12 16 2 0 0 0 1 0 
643 279 6 10 2 0 0 0 2 0 
698 261 6 8 2 0 0 0 1 0 
682 262 9 6 2 0 0 0 2 0 
688 275 8 10 0 0 0 1 1 0 
654 244 4 7 2 0 0 0 2 0 
758 240 10 14 2 0 0 0 0 0 
545 296 10 11 2 0 0 0 1 0 
530 287 10 12 2 0 0 0 1 0 
500 283 14 19 2 0 0 0 0 0 
483 286 9 11 2 0 0 0 0 0 
518 264 6 9 2 0 0 0 2 0 
440 263 26 29 1 0 0 0 0 0 
377 273 23 23 2 0 0 0 0 0 
561 263 8 10 2 0 0 0 0 0 
508 234 6 8 2 0 0 0 0 0 
302 305 18 18 2 0 0 0 2 0 
239 289 19 23 2 0 0 0 0 0 
294 285 10 14 2 0 0 0 2 0 
281 285 13 14 2 0 0 0 0 0 
270 289 10 11 2 0 0 0 0 0 
256 288 13 15 2 0 0 0 0 0 
206 281 15 15 2 0 0 0 1 0 
194 290 13 13 2 0 0 0 1 0 
176 289 15 16 2 0 0 0 1 0 
162 276 13 16 2 0 0 0 2 0 
124 282 14 15 2 0 0 0 0 0 
98 298 17 17 2 0 0 0 2 0 
68 297 17 21 2 0 0 0 0 0 
439 231 8 7 2 0 0 0 2 0 
537 232 8 10 2 0 0 0 1 0 
584 236 8 10 2 0 0 0 1 0 
576 271 6 9 0 0 0 1 0 0 
601 304 14 15 2 0 0 0 1 0 
548 237 8 11 2 0 0 0 2 0 
772 247 10 13 2 0 0 0 1 0 
798 252 7 10 2 0 0 0 2 0 
811 229 6 8 2 0 0 0 1 0 
829 324 7 10 2 0 0 0 1 0 
806 329 9 10 2 0 0 0 2 0 
769 325 7 8 2 0 0 0 2 0 
0--Parade/0_Parade_marchingband_1_354.jpg
15
0 205 19 20 2 0 1 0 1 0 
79 191 19 20 2 0 0 0 1 0 
209 205 22 26 2 0 1 0 0 0 
294 204 14 14 2 0 1 0 1 0 
338 221 23 25 2 0 1 0 0 1 
411 202 14 15 2 0 1 0 0 0 
515 205 15 18 2 0 0 0 1 1 
615 207 38 41 2 0 1 0 1 0 
678 212 25 27 2 0 0 0 1 0 
774 203 16 18 2 0 1 0 1 1 
819 202 20 21 2 0 1 0 1 0 
926 207 33 29 2 0 1 0 1 0 
902 210 16 20 2 0 1 0 1 0 
881 200 9 12 2 0 0 0 0 0 
999 203 15 14 2 0 1 0 1 0 
0--Parade/0_Parade_Parade_0_676.jpg
14
103 179 59 70 0 0 0 0 0 0 
0 219 12 59 1 0 0 0 2 0 
46 235 10 15 2 0 0 0 0 0 
79 202 27 41 1 0 0 0 2 0 
180 159 52 67 1 0 0 0 0 0 
283 209 55 74 1 0 0 0 0 0 
350 215 48 57 1 0 0 0 2 0 
439 166 59 66 1 0 0 0 0 1 
561 154 50 56 1 0 0 0 0 0 
629 210 43 49 1 0 0 0 2 0 
680 225 40 46 1 0 0 0 2 0 
709 223 53 67 1 0 0 0 0 0 
803 188 50 60 1 0 0 0 0 0 
980 183 44 74 1 0 0 0 1 0 
0--Parade/0_Parade_Parade_0_27.jpg
10
731 145 21 32 1 0 0 0 1 0 
123 149 22 29 1 0 0 0 0 0 
229 203 11 15 2 0 0 0 0 0 
57 182 10 19 2 0 0 0 2 0 
84 222 13 15 2 0 0 0 1 0 
220 205 10 11 2 0 0 0 2 1 
194 301 13 14 2 0 0 0 2 0 
174 313 11 14 2 0 0 0 1 0 
630 187 13 17 2 0 0 0 0 0 
967 255 4 9 2 0 0 0 2 0 
0--Parade/0_Parade_Parade_0_359.jpg
25
48 189 29 33 0 0 0 0 1 0 
102 190 20 29 1 0 0 0 2 0 
117 233 30 41 0 0 0 0 0 0 
164 216 35 36 0 0 0 0 1 0 
197 173 32 31 0 0 0 0 1 0 
230 196 34 35 0 0 0 0 1 0 
297 213 33 43 0 0 0 0 0 0 
311 170 29 35 0 0 0 0 0 0 
354 239 32 37 0 0 0 0 2 0 
429 182 31 37 0 0 0 0 1 0 
496 200 36 42 0 0 0 0 0 0 
484 173 34 34 1 0 0 0 2 0 
558 184 27 38 1 0 0 0 2 0 
632 176 27 38 1 0 0 0 0 0 
680 197 34 43 0 0 0 0 0 0 
723 191 28 35 1 0 0 0 2 0 
764 183 23 38 1 0 0 0 2 0 
789 197 19 31 1 0 0 0 2 0 
827 196 22 30 1 0 0 0 2 0 
891 184 34 52 0 0 0 0 0 0 
927 172 24 29 0 0 0 0 2 0 
974 186 28 35 1 0 0 0 1 0 
816 206 20 24 1 0 0 0 2 0 
2 189 24 30 0 0 0 0 1 0 
0 234 19 32 0 0 0 0 2 0 
0--Parade/0_Parade_Parade_0_532.jpg
4
349 192 80 118 2 1 0 0 1 0 
482 510 54 75 2 0 0 0 0 1 
822 534 50 71 1 0 0 0 1 1 
723 595 55 59 2 0 1 0 0 1 
0--Parade/0_Parade_marchingband_1_1046.jpg
3
228 501 42 48 1 0 0 0 0 0 
558 557 60 73 1 0 0 0 1 0 
787 491 39 48 1 0 0 0 0 0 
0--Parade/0_Parade_Parade_0_92.jpg
33
474 276 42 51 0 0 1 0 1 0 
553 308 17 19 2 0 1 0 0 0 
588 309 28 34 1 0 1 0 0 0 
625 302 15 18 2 0 0 0 0 0 
191 277 25 31 1 0 1 0 0 0 
437 303 20 25 2 0 0 0 0 0 
751 319 21 25 2 0 1 0 0 0 
814 320 14 18 2 0 0 0 1 0 
868 316 16 18 2 0 1 0 1 0 
825 306 14 15 2 0 1 0 1 0 
807 298 13 15 2 0 1 0 0 0 
952 308 9 9 2 0 1 0 0 0 
722 302 9 10 2 0 0 0 0 0 
63 370 9 14 2 0 0 0 2 0 
76 370 9 12 2 0 0 0 1 0 
140 366 8 11 2 0 0 0 2 1 
156 372 6 7 2 0 0 0 2 0 
124 347 8 11 2 0 0 0 1 0 
118 319 5 5 2 0 0 0 1 0 
156 311 6 6 2 0 0 0 2 0 
26 322 6 8 2 0 1 0 1 0 
57 316 7 9 2 0 0 0 2 0 
111 337 7 10 2 0 0 0 2 0 
242 359 6 7 2 0 0 0 2 0 
248 361 6 9 2 0 0 0 1 0 
261 325 6 5 0 0 0 1 0 0 
283 317 7 7 2 0 0 0 0 0 
298 316 5 7 2 0 0 0 1 0 
307 313 5 6 2 0 0 0 1 0 
350 313 7 7 2 0 0 1 1 0 
1010 312 6 5 0 0 0 1 0 0 
982 314 5 5 2 0 1 0 1 0 
2 323 8 11 2 0 0 0 2 0 
0--Parade/0_Parade_marchingband_1_472.jpg
36
354 33 11 15 2 0 0 0 0 0 
422 25 10 15 2 0 0 0 0 0 
397 127 13 18 2 0 0 0 0 0 
380 180 13 18 2 0 0 0 1 0 
357 240 17 21 2 0 0 0 0 0 
257 264 21 25 2 0 0 0 1 0 
510 102 13 15 2 0 0 0 0 0 
548 60 9 15 2 0 0 0 1 0 
597 60 13 19 2 0 0 0 0 0 
629 46 10 17 2 0 1 0 2 0 
698 102 10 14 2 0 1 0 0 0 
751 62 11 15 2 0 1 0 1 0 
810 73 10 15 2 0 0 0 0 0 
872 43 11 15 2 0 1 0 0 0 
881 110 17 21 2 0 0 0 0 0 
827 119 15 22 2 0 0 0 0 0 
804 92 17 23 2 0 0 0 0 0 
849 118 16 18 2 0 0 0 2 0 
830 97 13 19 2 0 0 0 2 0 
949 83 20 26 2 0 0 0 0 0 
994 77 25 32 2 0 0 0 0 0 
675 280 16 22 2 0 0 0 0 0 
349 314 18 21 2 0 0 0 0 0 
353 364 16 21 2 0 0 0 0 0 
289 452 22 21 2 0 0 0 0 0 
318 392 22 29 2 0 0 0 0 0 
8 540 20 17 2 0 0 0 1 0 
156 623 24 26 2 0 0 0 1 0 
229 540 15 15 2 0 0 0 1 0 
748 435 19 25 2 0 0 0 1 0 
752 511 23 32 2 0 0 0 0 1 
775 611 18 26 2 0 0 0 0 1 
578 116 12 10 2 0 0 0 0 0 
315 31 12 15 2 0 0 0 1 0 
317 58 15 16 2 0 0 0 2 0 
83 717 26 23 2 0 0 0 0 1 
0--Parade/0_Parade_Parade_0_852.jpg
4
89 315 14 19 2 0 0 0 2 0 
112 329 12 16 2 0 0 0 2 0 
266 317 16 21 2 0 0 0 0 0 
288 318 12 19 2 0 0 0 2 0 
